3,1,413.91,150.53,488.57,355.65,1,-1,-1,-1
3,2,512.46,143.21,542.34,334.00,1,-1,-1,-1
3,3,248.40,199.07,318.89,301.07,1,-1,-1,-1
3,5,300.43,186.07,402.60,292.41,1,-1,-1,-1
4,1,445.76,149.93,496.93,361.57,1,-1,-1,-1
4,2,531.05,144.72,548.79,337.16,1,-1,-1,-1
4,3,248.90,192.98,318.57,300.75,1,-1,-1,-1
4,5,300.44,184.65,403.06,292.71,1,-1,-1,-1
5,1,464.79,148.18,499.75,363.01,1,-1,-1,-1
5,2,546.03,145.87,550.78,336.82,1,-1,-1,-1
5,3,250.31,197.10,319.04,301.22,1,-1,-1,-1
5,5,300.81,185.73,403.33,292.85,1,-1,-1,-1
6,1,480.07,148.71,496.24,358.50,1,-1,-1,-1
6,2,555.19,147.00,565.98,344.59,1,-1,-1,-1
6,3,246.16,180.50,318.12,300.36,1,-1,-1,-1
6,5,300.05,184.95,403.79,293.18,1,-1,-1,-1
6,7,382.66,188.35,456.20,276.16,1,-1,-1,-1
7,1,486.90,154.88,499.58,358.85,1,-1,-1,-1
7,2,564.56,147.20,576.56,349.71,1,-1,-1,-1
7,3,251.18,187.95,317.62,299.78,1,-1,-1,-1
7,5,299.20,184.73,404.26,293.51,1,-1,-1,-1
7,7,383.70,186.67,453.66,274.63,1,-1,-1,-1
8,1,503.18,153.25,509.19,363.53,1,-1,-1,-1
8,2,581.62,145.58,579.65,349.93,1,-1,-1,-1
8,3,253.15,185.46,317.36,299.33,1,-1,-1,-1
8,5,298.91,185.07,403.94,293.23,1,-1,-1,-1
9,1,531.08,150.65,516.56,365.91,1,-1,-1,-1
9,2,600.17,144.20,584.27,350.47,1,-1,-1,-1
9,3,246.42,182.40,320.97,303.07,1,-1,-1,-1
9,5,303.15,185.11,402.58,292.20,1,-1,-1,-1
9,9,476.40,146.22,549.03,204.11,1,-1,-1,-1
10,1,553.26,151.38,524.87,368.06,1,-1,-1,-1
10,2,618.70,144.79,591.89,351.67,1,-1,-1,-1
10,3,226.07,158.38,325.68,310.06,1,-1,-1,-1
10,5,306.73,185.45,403.56,292.97,1,-1,-1,-1
10,7,438.32,191.74,438.57,263.74,1,-1,-1,-1
10,9,476.70,144.84,554.28,206.59,1,-1,-1,-1
11,1,572.38,148.84,534.90,369.75,1,-1,-1,-1
11,2,635.48,146.10,603.47,354.50,1,-1,-1,-1
11,3,224.60,146.24,327.60,313.80,1,-1,-1,-1
11,5,301.80,192.81,404.11,293.42,1,-1,-1,-1
11,7,443.72,192.36,438.29,261.73,1,-1,-1,-1
11,9,477.96,143.43,553.66,206.95,1,-1,-1,-1
11,10,499.75,140.16,576.35,195.86,1,-1,-1,-1
12,1,584.05,149.15,542.88,369.42,1,-1,-1,-1
12,2,647.94,146.08,616.32,358.47,1,-1,-1,-1
12,3,229.87,139.39,329.92,317.51,1,-1,-1,-1
12,5,295.73,196.70,406.01,295.06,1,-1,-1,-1
12,7,442.92,193.28,439.89,260.85,1,-1,-1,-1
12,9,483.08,143.49,548.26,205.46,1,-1,-1,-1
12,10,498.76,139.64,575.96,196.22,1,-1,-1,-1
13,1,593.70,149.60,551.83,369.94,1,-1,-1,-1
13,2,660.88,144.17,628.40,362.37,1,-1,-1,-1
13,3,245.31,137.48,331.64,319.65,1,-1,-1,-1
13,5,305.47,196.32,404.55,293.86,1,-1,-1,-1
13,7,435.99,192.91,445.30,262.54,1,-1,-1,-1
13,9,485.75,143.84,547.04,205.59,1,-1,-1,-1
13,10,498.38,138.17,575.65,196.75,1,-1,-1,-1
13,11,540.65,146.70,565.42,195.40,1,-1,-1,-1
14,1,612.75,148.16,558.99,369.31,1,-1,-1,-1
14,2,674.64,143.78,630.49,359.72,1,-1,-1,-1
14,3,261.24,139.64,334.91,321.97,1,-1,-1,-1
14,5,312.84,203.49,404.11,293.46,1,-1,-1,-1
14,7,437.65,192.67,446.80,261.74,1,-1,-1,-1
14,9,487.48,145.40,548.94,206.99,1,-1,-1,-1
14,10,500.39,138.87,570.47,195.61,1,-1,-1,-1
14,11,573.21,146.05,564.59,194.79,1,-1,-1,-1
15,1,637.45,148.08,564.92,367.40,1,-1,-1,-1
15,2,687.77,143.77,644.10,363.62,1,-1,-1,-1
15,3,275.11,141.35,338.73,324.43,1,-1,-1,-1
15,5,322.71,212.19,403.18,292.64,1,-1,-1,-1
15,7,427.86,192.40,451.67,263.37,1,-1,-1,-1
15,9,493.05,145.29,544.46,205.79,1,-1,-1,-1
15,10,509.10,139.95,554.66,190.49,1,-1,-1,-1
15,11,581.32,145.96,568.57,195.87,1,-1,-1,-1
15,13,241.02,127.60,275.02,324.56,1,-1,-1,-1
16,1,641.25,151.44,577.00,369.23,1,-1,-1,-1
16,2,698.49,143.30,656.11,365.90,1,-1,-1,-1
16,3,291.63,141.21,341.92,325.45,1,-1,-1,-1
16,5,335.19,209.93,402.16,291.67,1,-1,-1,-1
16,7,431.75,192.50,449.76,262.25,1,-1,-1,-1
16,9,496.37,144.12,544.94,206.52,1,-1,-1,-1
16,10,527.10,143.65,566.12,194.69,1,-1,-1,-1
16,11,581.38,143.22,569.20,195.75,1,-1,-1,-1
16,13,253.19,127.43,278.45,327.33,1,-1,-1,-1
17,1,646.20,152.70,587.31,369.05,1,-1,-1,-1
17,2,713.41,145.33,668.17,367.76,1,-1,-1,-1
17,3,316.71,138.33,342.69,322.81,1,-1,-1,-1
17,5,338.81,212.03,401.94,291.52,1,-1,-1,-1
17,9,497.79,143.88,548.24,208.38,1,-1,-1,-1
17,10,532.91,145.99,572.04,197.10,1,-1,-1,-1
17,11,589.53,142.46,569.98,196.02,1,-1,-1,-1
17,13,261.12,129.00,280.92,328.47,1,-1,-1,-1
17,15,499.18,144.44,498.13,178.35,1,-1,-1,-1
18,1,651.87,157.13,595.13,367.30,1,-1,-1,-1
18,2,724.84,145.32,673.88,365.72,1,-1,-1,-1
18,3,335.43,129.08,349.37,324.27,1,-1,-1,-1
18,9,499.91,144.10,549.56,209.50,1,-1,-1,-1
18,10,535.15,145.34,574.71,198.41,1,-1,-1,-1
18,11,581.53,145.60,574.38,197.20,1,-1,-1,-1
18,13,268.79,127.51,286.25,332.91,1,-1,-1,-1
18,15,576.87,143.00,492.80,175.30,1,-1,-1,-1
19,1,677.06,154.38,605.61,366.68,1,-1,-1,-1
19,2,741.51,144.89,682.33,365.44,1,-1,-1,-1
19,3,347.88,133.52,359.88,328.34,1,-1,-1,-1
19,9,502.03,142.28,549.34,209.95,1,-1,-1,-1
19,10,537.67,145.73,572.07,197.67,1,-1,-1,-1
19,11,580.70,147.04,574.56,196.84,1,-1,-1,-1
19,13,279.22,127.55,292.53,337.90,1,-1,-1,-1
19,15,515.21,145.22,507.79,180.81,1,-1,-1,-1
20,1,706.25,151.87,618.64,367.71,1,-1,-1,-1
20,2,760.84,144.14,684.81,361.59,1,-1,-1,-1
20,3,352.74,135.78,369.78,332.27,1,-1,-1,-1
20,9,503.59,142.24,549.45,210.54,1,-1,-1,-1
20,10,538.55,146.06,572.76,198.18,1,-1,-1,-1
20,11,579.50,148.30,576.93,197.25,1,-1,-1,-1
20,13,282.80,126.81,300.03,343.12,1,-1,-1,-1
20,15,494.45,142.96,510.20,181.86,1,-1,-1,-1
20,18,1111.16,147.32,1223.05,369.23,1,-1,-1,-1
21,1,727.09,148.23,632.49,368.78,1,-1,-1,-1
21,2,778.26,142.30,699.40,363.87,1,-1,-1,-1
21,3,364.63,138.56,377.76,334.64,1,-1,-1,-1
21,5,332.90,223.37,381.57,276.63,1,-1,-1,-1
21,7,430.01,195.34,461.69,267.76,1,-1,-1,-1
21,9,506.77,141.63,549.04,210.80,1,-1,-1,-1
21,10,538.14,145.32,573.24,198.68,1,-1,-1,-1
21,11,579.59,146.85,581.06,198.35,1,-1,-1,-1
21,13,295.07,128.47,304.77,344.09,1,-1,-1,-1
21,15,485.93,143.55,510.94,182.35,1,-1,-1,-1
21,18,1061.98,145.78,1217.70,368.24,1,-1,-1,-1
21,19,450.87,144.13,483.37,192.27,1,-1,-1,-1
22,1,785.34,148.74,634.55,359.82,1,-1,-1,-1
22,2,741.06,145.26,713.32,367.58,1,-1,-1,-1
22,3,392.54,140.00,379.34,330.61,1,-1,-1,-1
22,5,342.32,214.30,390.39,283.09,1,-1,-1,-1
22,7,430.37,195.28,468.44,271.05,1,-1,-1,-1
22,9,515.53,141.83,541.17,207.72,1,-1,-1,-1
22,10,540.27,145.61,573.51,199.09,1,-1,-1,-1
22,11,580.07,146.03,583.58,198.92,1,-1,-1,-1
22,13,309.49,130.26,307.88,342.83,1,-1,-1,-1
22,15,480.52,142.90,511.28,182.76,1,-1,-1,-1
22,18,990.76,147.69,1217.34,369.17,1,-1,-1,-1
22,19,444.57,144.88,484.30,192.78,1,-1,-1,-1
23,1,811.67,148.45,633.37,359.14,1,-1,-1,-1
23,2,731.25,152.01,724.61,369.63,1,-1,-1,-1
23,3,417.92,140.05,384.32,328.36,1,-1,-1,-1
23,5,287.29,203.61,403.09,292.92,1,-1,-1,-1
23,7,432.32,195.55,468.86,271.29,1,-1,-1,-1
23,9,516.31,143.27,544.91,209.34,1,-1,-1,-1
23,10,541.75,146.25,573.75,199.49,1,-1,-1,-1
23,11,581.45,146.89,584.06,198.69,1,-1,-1,-1
23,13,326.63,131.06,307.56,336.41,1,-1,-1,-1
23,15,478.06,143.18,511.62,183.24,1,-1,-1,-1
23,18,939.92,153.54,1212.48,369.25,1,-1,-1,-1
23,19,440.61,145.48,485.02,193.07,1,-1,-1,-1
24,2,733.72,149.16,732.58,369.66,1,-1,-1,-1
24,3,435.15,144.85,394.99,330.05,1,-1,-1,-1
24,5,242.10,211.64,400.16,298.06,1,-1,-1,-1
24,7,445.32,210.55,467.15,269.05,1,-1,-1,-1
24,9,515.25,143.74,550.49,211.91,1,-1,-1,-1
24,10,543.26,147.15,571.17,198.76,1,-1,-1,-1
24,11,580.26,147.68,588.70,199.98,1,-1,-1,-1
24,13,347.49,125.99,317.30,339.26,1,-1,-1,-1
24,15,475.67,143.97,511.69,183.67,1,-1,-1,-1
24,18,895.74,155.63,1200.55,367.92,1,-1,-1,-1
24,19,430.60,143.03,480.04,191.42,1,-1,-1,-1
24,22,505.42,140.46,519.29,182.91,1,-1,-1,-1
24,23,784.93,144.67,835.15,367.54,1,-1,-1,-1
25,2,755.86,148.16,741.45,370.31,1,-1,-1,-1
25,3,441.91,147.04,407.53,333.66,1,-1,-1,-1
25,5,224.77,214.07,393.94,299.91,1,-1,-1,-1
25,7,448.50,212.33,467.13,269.04,1,-1,-1,-1
25,9,515.71,142.87,550.97,212.34,1,-1,-1,-1
25,10,542.64,147.31,571.12,198.99,1,-1,-1,-1
25,11,579.44,148.13,590.43,200.33,1,-1,-1,-1
25,13,362.37,126.51,325.15,340.29,1,-1,-1,-1
25,15,473.92,143.72,511.39,184.00,1,-1,-1,-1
25,18,863.55,151.82,1187.35,367.14,1,-1,-1,-1
25,19,425.20,142.95,479.68,191.28,1,-1,-1,-1
25,22,502.60,140.12,522.99,184.27,1,-1,-1,-1
25,23,807.93,141.71,830.76,365.09,1,-1,-1,-1
26,2,787.42,146.21,742.91,366.27,1,-1,-1,-1
26,3,453.47,148.24,418.62,335.90,1,-1,-1,-1
26,5,218.92,213.78,387.92,301.51,1,-1,-1,-1
26,9,516.12,142.65,553.18,213.51,1,-1,-1,-1
26,10,541.24,146.69,572.44,199.80,1,-1,-1,-1
26,11,581.04,148.45,589.39,199.63,1,-1,-1,-1
26,13,369.18,126.19,335.30,343.17,1,-1,-1,-1
26,15,470.28,143.78,512.66,184.46,1,-1,-1,-1
26,18,836.63,150.05,1173.74,366.71,1,-1,-1,-1
26,22,501.38,139.79,524.14,184.68,1,-1,-1,-1
26,23,833.17,139.10,830.98,364.09,1,-1,-1,-1
27,2,797.44,145.13,746.08,362.68,1,-1,-1,-1
27,3,476.19,145.53,425.65,334.62,1,-1,-1,-1
27,5,217.67,198.65,379.46,300.19,1,-1,-1,-1
27,9,516.66,142.95,556.25,215.07,1,-1,-1,-1
27,10,541.43,146.53,572.21,200.05,1,-1,-1,-1
27,11,581.20,148.50,591.15,200.00,1,-1,-1,-1
27,13,377.15,128.44,349.63,349.77,1,-1,-1,-1
27,18,799.84,156.43,1161.28,366.58,1,-1,-1,-1
27,23,855.64,138.37,843.27,368.00,1,-1,-1,-1
28,2,799.23,146.47,761.79,365.44,1,-1,-1,-1
28,3,493.67,142.99,433.88,334.19,1,-1,-1,-1
28,5,218.29,198.56,373.84,300.75,1,-1,-1,-1
28,7,419.94,198.60,477.83,276.43,1,-1,-1,-1
28,9,517.86,144.95,557.27,215.77,1,-1,-1,-1
28,10,540.31,146.95,575.62,201.79,1,-1,-1,-1
28,11,580.31,148.63,594.12,200.90,1,-1,-1,-1
28,13,398.95,131.56,358.01,350.08,1,-1,-1,-1
28,18,793.70,158.32,1144.02,364.96,1,-1,-1,-1
28,23,904.10,151.56,847.24,367.11,1,-1,-1,-1
28,24,867.35,150.88,877.99,367.59,1,-1,-1,-1
29,2,814.37,148.65,774.80,366.39,1,-1,-1,-1
29,3,511.18,145.61,446.09,335.03,1,-1,-1,-1
29,5,219.08,201.22,369.08,301.46,1,-1,-1,-1
29,7,423.82,192.88,478.41,277.07,1,-1,-1,-1
29,9,522.90,144.99,557.14,215.91,1,-1,-1,-1
29,10,541.23,147.56,577.58,203.06,1,-1,-1,-1
29,11,580.77,148.05,598.09,202.21,1,-1,-1,-1
29,13,409.45,129.40,364.51,348.99,1,-1,-1,-1
29,18,755.15,159.59,1142.74,364.55,1,-1,-1,-1
29,23,913.60,146.36,857.19,368.45,1,-1,-1,-1
29,24,879.43,151.36,879.15,368.08,1,-1,-1,-1
30,2,845.40,148.01,786.20,366.23,1,-1,-1,-1
30,3,518.40,146.79,461.17,338.73,1,-1,-1,-1
30,5,224.34,200.19,365.20,302.38,1,-1,-1,-1
30,7,423.74,192.30,479.59,277.75,1,-1,-1,-1
30,9,524.58,142.68,557.43,216.20,1,-1,-1,-1
30,10,541.88,147.92,579.45,203.72,1,-1,-1,-1
30,11,583.27,148.34,600.87,203.13,1,-1,-1,-1
30,13,422.49,129.02,377.65,354.81,1,-1,-1,-1
30,23,937.18,146.73,858.52,369.02,1,-1,-1,-1
30,24,921.25,145.52,884.12,368.31,1,-1,-1,-1
31,2,836.09,154.37,792.52,365.22,1,-1,-1,-1
31,3,523.70,150.97,470.18,338.43,1,-1,-1,-1
31,5,221.22,182.54,360.05,301.92,1,-1,-1,-1
31,7,443.19,199.33,475.96,275.08,1,-1,-1,-1
31,9,543.30,144.27,537.29,207.06,1,-1,-1,-1
31,11,585.25,148.66,603.61,204.07,1,-1,-1,-1
31,13,430.97,129.57,387.28,355.78,1,-1,-1,-1
31,23,887.10,148.40,858.68,366.70,1,-1,-1,-1
31,24,951.71,142.96,886.47,366.85,1,-1,-1,-1
32,2,815.14,160.46,791.68,361.10,1,-1,-1,-1
32,3,543.21,150.09,482.31,340.82,1,-1,-1,-1
32,5,227.18,187.75,354.21,300.19,1,-1,-1,-1
32,7,319.00,190.60,482.25,285.89,1,-1,-1,-1
32,9,580.85,142.32,494.36,186.41,1,-1,-1,-1
32,11,585.53,149.24,605.13,204.56,1,-1,-1,-1
32,13,436.67,131.55,404.35,363.83,1,-1,-1,-1
32,23,897.04,144.58,871.15,368.55,1,-1,-1,-1
32,24,1021.27,140.47,799.58,324.21,1,-1,-1,-1
33,2,788.84,161.58,793.55,359.56,1,-1,-1,-1
33,3,564.03,151.55,499.49,346.93,1,-1,-1,-1
33,5,229.80,188.30,350.05,299.49,1,-1,-1,-1
33,7,273.76,188.87,480.08,290.75,1,-1,-1,-1
33,9,588.93,142.17,487.35,183.77,1,-1,-1,-1
33,11,587.84,148.57,604.61,204.30,1,-1,-1,-1
33,13,446.52,132.95,413.79,365.10,1,-1,-1,-1
33,23,914.34,147.10,880.28,368.54,1,-1,-1,-1
33,24,1012.74,138.10,872.85,350.89,1,-1,-1,-1
34,2,762.45,159.45,787.58,356.12,1,-1,-1,-1
34,3,581.55,148.29,514.29,349.74,1,-1,-1,-1
34,5,233.08,194.93,347.94,300.42,1,-1,-1,-1
34,7,260.74,185.73,474.28,292.77,1,-1,-1,-1
34,9,540.33,137.01,530.40,199.85,1,-1,-1,-1
34,10,495.56,140.51,531.02,187.40,1,-1,-1,-1
34,11,594.11,149.05,596.37,200.87,1,-1,-1,-1
34,13,466.99,133.45,417.80,360.60,1,-1,-1,-1
34,23,936.45,150.43,890.84,368.61,1,-1,-1,-1
34,24,1031.40,140.90,905.15,360.02,1,-1,-1,-1
35,2,723.95,156.74,789.47,356.80,1,-1,-1,-1
35,3,591.95,151.12,530.51,353.32,1,-1,-1,-1
35,5,235.45,201.27,345.10,300.40,1,-1,-1,-1
35,7,259.03,185.95,468.55,294.08,1,-1,-1,-1
35,9,534.16,135.18,535.14,201.22,1,-1,-1,-1
35,10,491.77,140.07,528.10,186.37,1,-1,-1,-1
35,11,602.45,147.83,584.51,195.73,1,-1,-1,-1
35,13,491.71,133.04,425.38,357.95,1,-1,-1,-1
35,23,980.01,151.92,905.80,368.92,1,-1,-1,-1
35,24,1063.58,148.64,924.65,363.10,1,-1,-1,-1
36,2,693.46,162.37,783.15,353.15,1,-1,-1,-1
36,3,603.08,151.89,545.64,356.09,1,-1,-1,-1
36,5,237.05,194.66,340.45,298.26,1,-1,-1,-1
36,7,261.51,184.72,461.61,294.03,1,-1,-1,-1
36,9,526.81,136.03,543.62,204.53,1,-1,-1,-1
36,11,605.56,147.82,582.96,195.22,1,-1,-1,-1
36,13,508.37,130.94,438.18,359.89,1,-1,-1,-1
36,15,522.58,145.20,599.90,218.21,1,-1,-1,-1
36,23,1003.16,148.26,916.51,368.19,1,-1,-1,-1
36,24,1088.82,144.45,945.00,366.17,1,-1,-1,-1
37,2,675.88,162.89,775.66,349.72,1,-1,-1,-1
37,3,623.53,150.24,559.91,358.93,1,-1,-1,-1
37,5,236.34,191.52,337.74,297.68,1,-1,-1,-1
37,7,265.87,185.06,455.57,294.03,1,-1,-1,-1
37,9,533.09,141.67,570.93,215.38,1,-1,-1,-1
37,13,515.64,135.63,452.42,362.63,1,-1,-1,-1
37,15,524.93,145.32,606.74,220.70,1,-1,-1,-1
37,23,1034.83,147.44,932.47,368.47,1,-1,-1,-1
37,24,1127.59,141.33,960.11,366.73,1,-1,-1,-1
38,2,648.05,160.05,765.73,347.60,1,-1,-1,-1
38,3,640.73,147.52,571.54,359.95,1,-1,-1,-1
38,5,239.61,201.08,337.43,299.28,1,-1,-1,-1
38,7,268.03,183.31,450.38,294.13,1,-1,-1,-1
38,9,542.49,143.78,580.54,219.49,1,-1,-1,-1
38,10,474.23,144.34,513.85,182.38,1,-1,-1,-1
38,13,524.04,136.97,467.16,365.87,1,-1,-1,-1
38,23,1072.14,143.70,948.21,367.16,1,-1,-1,-1
38,24,1187.25,139.34,919.01,341.73,1,-1,-1,-1
38,27,421.61,191.63,452.31,265.73,1,-1,-1,-1
39,2,619.23,159.19,775.22,355.71,1,-1,-1,-1
39,3,653.83,149.19,586.98,363.12,1,-1,-1,-1
39,5,242.43,203.45,337.25,300.85,1,-1,-1,-1
39,7,271.38,183.96,445.16,293.73,1,-1,-1,-1
39,9,536.96,143.09,516.62,193.13,1,-1,-1,-1
39,10,481.78,142.77,516.29,183.87,1,-1,-1,-1
39,13,545.60,135.04,479.55,367.13,1,-1,-1,-1
39,15,595.81,147.28,585.15,210.34,1,-1,-1,-1
39,23,1113.99,142.76,960.20,362.88,1,-1,-1,-1
39,24,1222.86,138.47,912.93,339.47,1,-1,-1,-1
39,27,428.17,192.02,448.80,263.67,1,-1,-1,-1
40,2,576.43,153.37,782.63,362.88,1,-1,-1,-1
40,3,672.56,149.19,590.52,365.31,1,-1,-1,-1
40,5,241.56,197.90,335.40,300.73,1,-1,-1,-1
40,7,275.00,184.70,440.62,293.48,1,-1,-1,-1
40,9,528.75,142.36,493.56,182.94,1,-1,-1,-1
40,10,484.29,142.13,515.00,183.93,1,-1,-1,-1
40,13,573.91,130.67,483.43,360.61,1,-1,-1,-1
40,15,606.95,148.09,587.30,209.28,1,-1,-1,-1
40,19,450.09,144.97,453.20,179.99,1,-1,-1,-1
40,23,1148.05,146.02,990.30,365.85,1,-1,-1,-1
41,2,580.17,150.47,776.56,363.08,1,-1,-1,-1
41,3,646.29,160.06,581.56,354.12,1,-1,-1,-1
41,5,241.58,189.05,331.01,297.95,1,-1,-1,-1
41,7,274.61,184.44,437.97,294.26,1,-1,-1,-1
41,9,522.08,137.08,536.01,199.07,1,-1,-1,-1
41,10,481.57,141.99,512.97,183.20,1,-1,-1,-1
41,13,587.06,131.13,502.91,367.09,1,-1,-1,-1
41,15,615.54,148.40,590.12,210.28,1,-1,-1,-1
41,19,461.99,145.45,461.54,182.47,1,-1,-1,-1
41,23,1176.82,148.87,1011.58,365.99,1,-1,-1,-1
41,27,428.31,192.88,447.22,261.68,1,-1,-1,-1
42,2,594.02,146.70,777.14,366.48,1,-1,-1,-1
42,3,682.33,194.50,499.32,290.12,1,-1,-1,-1
42,5,238.65,184.59,330.65,299.06,1,-1,-1,-1
42,7,278.35,184.73,434.39,294.11,1,-1,-1,-1
42,9,516.97,136.24,556.72,207.53,1,-1,-1,-1
42,10,485.78,140.50,515.61,184.57,1,-1,-1,-1
42,11,541.29,144.35,609.29,205.71,1,-1,-1,-1
42,13,600.64,133.07,518.60,369.46,1,-1,-1,-1
42,19,464.77,145.26,463.94,182.77,1,-1,-1,-1
42,23,1200.62,145.25,1033.05,366.72,1,-1,-1,-1
42,27,478.84,158.07,354.80,201.71,1,-1,-1,-1
43,2,626.59,144.47,777.00,368.35,1,-1,-1,-1
43,3,700.71,199.13,488.95,284.10,1,-1,-1,-1
43,5,241.28,185.81,328.60,298.20,1,-1,-1,-1
43,7,279.04,183.93,431.41,294.12,1,-1,-1,-1
43,9,517.03,137.02,561.73,210.04,1,-1,-1,-1
43,10,482.79,139.47,515.29,185.11,1,-1,-1,-1
43,11,537.26,144.05,611.12,206.33,1,-1,-1,-1
43,13,608.88,133.07,531.44,369.37,1,-1,-1,-1
43,19,463.29,144.54,465.41,182.97,1,-1,-1,-1
43,23,1224.93,143.13,1047.57,365.36,1,-1,-1,-1
43,27,493.13,151.64,332.06,188.78,1,-1,-1,-1
44,2,656.63,144.76,777.32,368.91,1,-1,-1,-1
44,5,239.80,181.09,328.56,299.33,1,-1,-1,-1
44,7,282.03,182.88,428.07,293.70,1,-1,-1,-1
44,9,516.76,136.21,565.22,212.06,1,-1,-1,-1
44,10,505.90,144.73,515.21,184.52,1,-1,-1,-1
44,11,558.63,145.33,591.61,199.72,1,-1,-1,-1
44,13,630.67,131.32,543.42,369.32,1,-1,-1,-1
44,19,460.45,144.41,467.04,183.48,1,-1,-1,-1
44,23,1229.31,175.32,1071.41,368.39,1,-1,-1,-1
45,2,678.20,146.82,779.10,369.03,1,-1,-1,-1
45,3,624.12,134.15,619.55,357.37,1,-1,-1,-1
45,5,241.51,187.28,328.04,299.78,1,-1,-1,-1
45,7,284.82,184.86,425.22,293.34,1,-1,-1,-1
45,9,550.32,134.24,502.25,184.62,1,-1,-1,-1
45,10,506.60,144.99,514.09,184.12,1,-1,-1,-1
45,11,536.92,144.16,637.74,218.83,1,-1,-1,-1
45,13,650.31,131.28,545.15,370.50,1,-1,-1,-1
45,19,457.96,144.67,467.38,183.52,1,-1,-1,-1
45,23,1258.58,237.08,1057.98,357.15,1,-1,-1,-1
46,2,698.46,148.04,780.45,368.28,1,-1,-1,-1
46,3,640.49,126.18,641.85,366.17,1,-1,-1,-1
46,5,242.68,186.72,325.91,298.61,1,-1,-1,-1
46,7,284.67,185.05,423.95,293.98,1,-1,-1,-1
46,9,538.69,134.69,526.92,193.30,1,-1,-1,-1
46,11,536.19,143.80,646.15,224.56,1,-1,-1,-1
46,15,620.21,148.59,595.52,210.07,1,-1,-1,-1
46,19,530.49,145.85,518.30,202.13,1,-1,-1,-1
46,23,1289.72,246.85,1054.92,356.12,1,-1,-1,-1
46,29,488.34,156.59,593.62,336.68,1,-1,-1,-1
47,2,726.59,145.47,784.05,367.96,1,-1,-1,-1
47,3,655.98,123.69,654.01,368.65,1,-1,-1,-1
47,5,242.78,185.63,324.57,297.93,1,-1,-1,-1
47,7,287.50,186.32,421.75,293.83,1,-1,-1,-1
47,9,524.85,135.51,556.49,205.00,1,-1,-1,-1
47,11,539.01,145.63,647.18,227.27,1,-1,-1,-1
47,15,616.51,148.21,601.59,210.66,1,-1,-1,-1
47,19,558.26,146.37,538.14,208.45,1,-1,-1,-1
47,29,461.51,157.15,593.80,338.20,1,-1,-1,-1
48,2,753.90,143.96,789.56,368.58,1,-1,-1,-1
48,3,668.87,125.50,663.94,368.90,1,-1,-1,-1
48,5,248.10,203.33,326.09,300.07,1,-1,-1,-1
48,7,286.65,187.41,419.06,293.12,1,-1,-1,-1
48,9,518.99,136.13,570.27,211.11,1,-1,-1,-1
48,10,503.87,147.66,518.61,185.68,1,-1,-1,-1
48,11,544.20,145.77,645.87,228.88,1,-1,-1,-1
48,15,615.98,147.86,606.37,211.18,1,-1,-1,-1
48,19,569.11,146.54,549.98,211.79,1,-1,-1,-1
48,29,423.62,156.91,588.65,336.93,1,-1,-1,-1
49,2,773.18,143.25,792.56,367.63,1,-1,-1,-1
49,3,684.16,130.29,676.89,370.22,1,-1,-1,-1
49,5,249.46,188.56,323.97,298.50,1,-1,-1,-1
49,7,288.66,186.05,418.34,293.64,1,-1,-1,-1
49,9,518.76,135.02,573.58,213.16,1,-1,-1,-1
49,10,501.20,147.98,520.62,186.54,1,-1,-1,-1
49,11,548.26,145.10,643.95,229.95,1,-1,-1,-1
49,15,618.05,148.38,611.08,211.85,1,-1,-1,-1
49,19,574.00,146.33,556.00,212.97,1,-1,-1,-1
49,29,392.69,157.71,584.29,336.39,1,-1,-1,-1
50,2,795.04,142.14,801.30,367.98,1,-1,-1,-1
50,3,712.27,128.21,682.77,366.45,1,-1,-1,-1
50,5,244.39,184.05,323.73,298.88,1,-1,-1,-1
50,7,286.42,185.42,416.11,292.98,1,-1,-1,-1
50,9,519.58,133.88,574.80,214.41,1,-1,-1,-1
50,10,497.80,147.65,519.20,186.25,1,-1,-1,-1
50,11,555.02,144.18,643.97,231.57,1,-1,-1,-1
50,15,618.28,148.42,616.17,212.83,1,-1,-1,-1
50,19,576.49,145.40,560.15,213.51,1,-1,-1,-1
50,29,374.38,156.75,575.91,334.36,1,-1,-1,-1
51,2,815.44,144.35,806.62,366.45,1,-1,-1,-1
51,3,742.63,121.65,696.80,368.10,1,-1,-1,-1
51,5,247.88,192.00,323.83,299.54,1,-1,-1,-1
51,7,292.11,185.14,415.12,293.11,1,-1,-1,-1
51,9,520.24,133.33,575.34,215.40,1,-1,-1,-1
51,10,493.59,147.59,518.23,186.19,1,-1,-1,-1
51,11,562.62,143.79,639.15,230.94,1,-1,-1,-1
51,15,620.54,148.57,619.29,213.15,1,-1,-1,-1
51,19,576.45,145.33,564.64,214.34,1,-1,-1,-1
51,22,466.63,138.54,518.08,185.13,1,-1,-1,-1
51,29,420.73,187.79,502.53,291.30,1,-1,-1,-1
52,2,834.99,144.80,817.96,367.54,1,-1,-1,-1
52,3,763.19,121.59,706.19,367.05,1,-1,-1,-1
52,5,244.52,192.81,323.72,299.93,1,-1,-1,-1
52,7,290.25,184.96,415.43,293.32,1,-1,-1,-1
52,9,520.47,133.78,574.86,215.93,1,-1,-1,-1
52,10,490.58,148.25,516.55,185.87,1,-1,-1,-1
52,11,566.74,145.03,636.69,230.90,1,-1,-1,-1
52,15,622.91,147.93,621.33,213.07,1,-1,-1,-1
52,19,574.92,145.97,569.18,215.40,1,-1,-1,-1
52,22,465.83,138.35,514.70,185.99,1,-1,-1,-1
52,29,409.45,193.22,488.52,283.17,1,-1,-1,-1
53,2,869.05,143.19,826.01,366.67,1,-1,-1,-1
53,3,777.95,124.64,718.48,366.99,1,-1,-1,-1
53,5,245.96,193.59,323.55,300.35,1,-1,-1,-1
53,7,322.96,159.58,458.78,325.53,1,-1,-1,-1
53,9,520.71,134.08,574.84,216.62,1,-1,-1,-1
53,10,486.86,147.78,517.39,186.61,1,-1,-1,-1
53,11,567.85,144.08,641.58,233.85,1,-1,-1,-1
53,15,623.39,149.21,624.21,213.44,1,-1,-1,-1
53,19,573.43,147.16,571.82,215.76,1,-1,-1,-1
53,22,465.73,139.05,510.64,186.09,1,-1,-1,-1
54,2,911.18,140.12,839.33,367.36,1,-1,-1,-1
54,3,791.45,127.21,734.12,368.44,1,-1,-1,-1
54,5,247.46,196.67,323.47,300.92,1,-1,-1,-1
54,7,323.80,154.78,465.37,332.47,1,-1,-1,-1
54,9,522.13,133.81,573.97,216.94,1,-1,-1,-1
54,10,484.38,146.64,516.20,186.64,1,-1,-1,-1
54,11,572.57,144.25,640.56,234.29,1,-1,-1,-1
54,15,624.83,148.86,624.78,212.98,1,-1,-1,-1
54,19,572.70,146.83,573.82,215.97,1,-1,-1,-1
54,22,465.45,139.66,504.64,185.02,1,-1,-1,-1
55,2,944.15,142.44,856.94,368.28,1,-1,-1,-1
55,3,813.87,123.90,747.85,368.36,1,-1,-1,-1
55,5,242.49,185.33,322.73,300.99,1,-1,-1,-1
55,7,309.38,147.35,460.92,333.91,1,-1,-1,-1
55,9,522.71,132.68,574.89,217.92,1,-1,-1,-1
55,10,481.97,146.79,515.02,186.74,1,-1,-1,-1
55,11,573.95,143.48,642.73,235.96,1,-1,-1,-1
55,15,625.46,149.67,628.98,213.98,1,-1,-1,-1
55,19,572.62,145.58,575.62,216.11,1,-1,-1,-1
55,22,452.34,143.15,504.57,186.96,1,-1,-1,-1
56,2,969.72,144.36,875.63,368.79,1,-1,-1,-1
56,3,843.51,118.64,764.04,369.13,1,-1,-1,-1
56,5,250.57,204.34,322.01,300.49,1,-1,-1,-1
56,7,294.89,146.87,452.12,333.52,1,-1,-1,-1
56,9,524.76,133.12,575.01,218.59,1,-1,-1,-1
56,10,466.96,142.84,508.66,185.34,1,-1,-1,-1
56,11,579.78,143.99,642.71,236.58,1,-1,-1,-1
56,15,627.10,148.57,632.93,214.98,1,-1,-1,-1
56,19,572.15,145.83,576.90,216.09,1,-1,-1,-1
56,22,447.96,144.65,499.88,186.73,1,-1,-1,-1
57,2,1002.03,142.22,893.70,368.73,1,-1,-1,-1
57,3,883.54,114.87,778.56,367.96,1,-1,-1,-1
57,5,250.69,205.75,322.13,300.60,1,-1,-1,-1
57,7,267.35,146.82,445.40,334.58,1,-1,-1,-1
57,9,527.50,134.26,574.75,218.97,1,-1,-1,-1
57,10,458.86,140.45,508.58,186.42,1,-1,-1,-1
57,11,585.01,144.46,641.89,236.74,1,-1,-1,-1
57,15,629.32,149.30,635.81,215.66,1,-1,-1,-1
57,19,571.18,146.51,581.09,217.37,1,-1,-1,-1
57,22,443.90,145.55,500.09,188.42,1,-1,-1,-1
58,2,1044.52,139.75,910.09,367.75,1,-1,-1,-1
58,3,911.94,114.10,797.50,369.24,1,-1,-1,-1
58,7,247.68,150.66,432.68,330.88,1,-1,-1,-1
58,9,529.04,134.88,574.36,219.25,1,-1,-1,-1
58,10,454.09,139.88,507.01,186.93,1,-1,-1,-1
58,11,589.15,145.21,642.41,237.32,1,-1,-1,-1
58,15,632.27,149.42,636.04,215.31,1,-1,-1,-1
58,19,572.24,146.86,583.71,217.93,1,-1,-1,-1
58,22,439.62,146.26,501.01,188.77,1,-1,-1,-1
58,35,324.37,211.15,392.59,294.10,1,-1,-1,-1
59,2,1074.30,136.19,926.89,367.36,1,-1,-1,-1
59,3,933.10,119.28,813.97,368.30,1,-1,-1,-1
59,7,232.11,148.56,417.41,326.35,1,-1,-1,-1
59,9,532.66,135.75,573.20,219.12,1,-1,-1,-1
59,10,452.07,140.19,504.71,187.09,1,-1,-1,-1
59,11,595.37,143.23,643.76,238.16,1,-1,-1,-1
59,15,636.65,148.78,634.51,214.15,1,-1,-1,-1
59,19,574.05,146.21,584.63,217.83,1,-1,-1,-1
59,35,322.30,199.95,390.65,292.30,1,-1,-1,-1
60,2,1105.75,133.40,946.33,367.36,1,-1,-1,-1
60,3,979.63,118.88,837.08,369.84,1,-1,-1,-1
60,5,240.06,160.50,335.80,317.23,1,-1,-1,-1
60,7,224.05,146.39,419.57,328.04,1,-1,-1,-1
60,9,534.33,133.96,575.08,220.22,1,-1,-1,-1
60,10,447.81,139.72,504.89,187.16,1,-1,-1,-1
60,11,598.86,143.22,650.17,241.12,1,-1,-1,-1
60,15,643.71,149.15,629.56,211.49,1,-1,-1,-1
60,19,575.64,145.51,586.47,218.12,1,-1,-1,-1
60,35,318.57,195.22,389.58,291.08,1,-1,-1,-1
61,2,1138.69,138.53,962.77,365.42,1,-1,-1,-1
61,3,1026.91,115.55,842.02,361.50,1,-1,-1,-1
61,5,241.51,157.20,331.26,315.96,1,-1,-1,-1
61,9,534.90,133.02,577.38,221.52,1,-1,-1,-1
61,11,602.53,142.75,654.26,243.10,1,-1,-1,-1
61,15,657.63,148.75,610.48,202.94,1,-1,-1,-1
61,19,574.86,145.63,588.14,218.46,1,-1,-1,-1
61,35,313.22,189.05,391.09,291.74,1,-1,-1,-1
62,2,1182.96,138.49,987.40,366.41,1,-1,-1,-1
62,3,1060.72,109.99,858.88,358.47,1,-1,-1,-1
62,5,226.82,151.01,328.87,316.29,1,-1,-1,-1
62,7,248.05,198.80,378.03,300.02,1,-1,-1,-1
62,9,537.10,133.31,576.49,221.45,1,-1,-1,-1
62,10,445.46,140.78,509.48,190.20,1,-1,-1,-1
62,11,606.59,144.80,655.14,243.64,1,-1,-1,-1
62,15,647.80,152.60,636.84,211.50,1,-1,-1,-1
62,19,573.90,145.23,591.95,219.67,1,-1,-1,-1
62,35,314.04,187.82,392.97,292.73,1,-1,-1,-1
63,2,1233.25,132.55,998.58,361.42,1,-1,-1,-1
63,3,1077.52,107.86,885.78,360.10,1,-1,-1,-1
63,5,224.29,147.44,330.18,317.56,1,-1,-1,-1
63,7,233.93,194.67,372.91,301.26,1,-1,-1,-1
63,9,535.00,134.41,578.11,222.41,1,-1,-1,-1
63,10,444.11,140.73,507.45,190.74,1,-1,-1,-1
63,11,608.74,145.52,660.79,246.10,1,-1,-1,-1
63,15,646.51,154.17,649.29,215.51,1,-1,-1,-1
63,19,574.12,145.83,594.04,220.24,1,-1,-1,-1
63,35,310.32,185.24,393.18,292.36,1,-1,-1,-1
64,2,1264.23,130.24,1018.05,360.70,1,-1,-1,-1
64,3,1096.73,108.47,916.73,363.32,1,-1,-1,-1
64,7,230.19,209.67,366.95,301.15,1,-1,-1,-1
64,9,535.30,135.49,579.51,223.28,1,-1,-1,-1
64,10,440.42,141.13,507.90,192.42,1,-1,-1,-1
64,11,615.43,144.87,660.51,246.05,1,-1,-1,-1
64,15,649.64,154.77,650.95,216.06,1,-1,-1,-1
64,19,575.29,145.25,595.64,220.68,1,-1,-1,-1
64,35,306.08,182.63,394.52,292.89,1,-1,-1,-1
65,2,1302.59,129.09,1016.40,360.12,1,-1,-1,-1
65,3,1132.24,110.89,944.80,364.40,1,-1,-1,-1
65,7,228.78,202.93,362.00,301.22,1,-1,-1,-1
65,9,535.92,135.27,580.47,224.07,1,-1,-1,-1
65,10,439.27,140.79,505.22,192.86,1,-1,-1,-1
65,11,623.17,144.09,664.79,247.79,1,-1,-1,-1
65,19,576.64,144.34,597.87,221.35,1,-1,-1,-1
65,35,305.59,183.93,394.89,292.69,1,-1,-1,-1
65,38,514.04,143.38,537.37,178.67,1,-1,-1,-1
66,3,1183.85,109.11,967.60,362.77,1,-1,-1,-1
66,7,230.11,200.30,357.32,301.04,1,-1,-1,-1
66,9,540.68,132.89,579.65,223.98,1,-1,-1,-1
66,10,434.88,142.76,501.84,192.95,1,-1,-1,-1
66,11,627.89,144.76,668.69,249.26,1,-1,-1,-1
66,19,578.40,144.65,599.06,221.58,1,-1,-1,-1
66,35,303.28,184.57,395.94,292.97,1,-1,-1,-1
66,38,512.07,143.42,536.37,178.40,1,-1,-1,-1
67,3,1235.18,101.05,998.42,365.57,1,-1,-1,-1
67,7,232.94,194.51,351.29,299.04,1,-1,-1,-1
67,9,543.18,132.41,579.74,224.21,1,-1,-1,-1
67,10,428.73,141.66,500.64,194.02,1,-1,-1,-1
67,11,632.10,146.27,672.11,250.48,1,-1,-1,-1
67,19,578.68,145.22,601.47,222.33,1,-1,-1,-1
67,35,303.07,184.47,397.28,293.58,1,-1,-1,-1
67,38,507.75,143.21,539.62,179.68,1,-1,-1,-1
68,3,1276.20,142.68,1022.46,366.64,1,-1,-1,-1
68,7,232.84,200.80,348.96,300.12,1,-1,-1,-1
68,9,543.55,132.65,582.18,225.46,1,-1,-1,-1
68,10,431.45,141.98,484.39,188.34,1,-1,-1,-1
68,11,631.53,145.62,679.47,253.46,1,-1,-1,-1
68,19,581.13,144.68,604.79,223.29,1,-1,-1,-1
68,35,304.22,184.73,397.00,292.92,1,-1,-1,-1
68,38,506.32,142.89,538.71,179.58,1,-1,-1,-1
69,3,1317.78,145.38,1024.13,367.23,1,-1,-1,-1
69,7,236.72,190.99,344.12,298.43,1,-1,-1,-1
69,9,544.83,134.20,583.56,226.30,1,-1,-1,-1
69,10,427.62,141.94,484.03,188.20,1,-1,-1,-1
69,11,639.64,144.69,681.91,254.40,1,-1,-1,-1
69,19,586.51,143.89,606.70,223.59,1,-1,-1,-1
69,35,301.72,182.15,397.50,292.83,1,-1,-1,-1
69,38,504.02,143.15,538.38,179.73,1,-1,-1,-1
70,7,232.27,183.12,342.21,299.38,1,-1,-1,-1
70,9,545.97,133.69,583.67,226.51,1,-1,-1,-1
70,11,647.41,143.90,684.64,255.35,1,-1,-1,-1
70,19,588.56,143.80,608.66,224.04,1,-1,-1,-1
70,35,301.12,183.09,398.21,292.92,1,-1,-1,-1
70,38,502.65,143.34,536.80,179.49,1,-1,-1,-1
71,7,236.16,191.00,341.03,300.50,1,-1,-1,-1
71,9,545.50,132.02,585.03,227.31,1,-1,-1,-1
71,11,649.35,145.25,695.86,259.78,1,-1,-1,-1
71,19,589.86,144.74,612.01,225.05,1,-1,-1,-1
71,35,301.30,181.83,398.17,292.51,1,-1,-1,-1
71,38,501.38,143.86,536.26,179.65,1,-1,-1,-1
72,7,238.35,196.87,338.62,300.55,1,-1,-1,-1
72,9,546.62,131.33,586.30,228.11,1,-1,-1,-1
72,10,427.50,140.78,473.79,185.18,1,-1,-1,-1
72,11,652.79,146.50,703.33,262.74,1,-1,-1,-1
72,19,590.62,145.13,616.58,226.43,1,-1,-1,-1
72,35,296.66,183.85,398.59,292.53,1,-1,-1,-1
72,38,499.16,143.31,535.77,179.91,1,-1,-1,-1
73,7,233.62,183.77,336.67,300.78,1,-1,-1,-1
73,9,545.88,131.71,587.38,228.81,1,-1,-1,-1
73,10,428.19,139.80,468.45,183.83,1,-1,-1,-1
73,11,659.13,147.37,709.01,264.98,1,-1,-1,-1
73,19,594.13,145.97,619.52,227.20,1,-1,-1,-1
73,35,298.36,182.90,398.60,292.20,1,-1,-1,-1
73,38,497.17,143.75,535.91,180.46,1,-1,-1,-1
74,7,236.41,183.38,333.56,299.59,1,-1,-1,-1
74,9,544.83,132.63,589.17,229.90,1,-1,-1,-1
74,10,428.81,138.65,463.17,182.24,1,-1,-1,-1
74,11,673.21,146.09,705.91,263.35,1,-1,-1,-1
74,19,598.84,145.53,620.12,226.85,1,-1,-1,-1
74,35,299.23,184.10,399.22,292.31,1,-1,-1,-1
74,38,494.79,144.00,535.16,180.71,1,-1,-1,-1
75,7,239.08,184.34,330.58,298.28,1,-1,-1,-1
75,9,542.44,132.61,591.51,231.28,1,-1,-1,-1
75,10,422.96,138.45,468.29,185.31,1,-1,-1,-1
75,11,679.58,145.01,713.86,266.14,1,-1,-1,-1
75,19,602.30,143.90,623.60,227.74,1,-1,-1,-1
75,35,300.83,184.40,399.14,291.87,1,-1,-1,-1
75,38,493.85,144.92,533.22,180.54,1,-1,-1,-1
75,40,657.76,149.45,680.42,225.02,1,-1,-1,-1
76,7,244.31,182.33,328.94,297.69,1,-1,-1,-1
76,9,541.94,132.24,594.61,233.09,1,-1,-1,-1
76,10,419.73,139.15,469.92,187.02,1,-1,-1,-1
76,11,685.38,145.13,720.43,268.21,1,-1,-1,-1
76,19,604.31,144.20,628.42,229.25,1,-1,-1,-1
76,35,300.58,184.01,399.85,292.08,1,-1,-1,-1
76,38,491.27,145.36,532.91,181.00,1,-1,-1,-1
76,40,660.78,151.04,683.49,226.00,1,-1,-1,-1
77,7,244.29,188.22,329.09,299.02,1,-1,-1,-1
77,9,547.11,131.69,593.03,232.79,1,-1,-1,-1
77,10,415.03,139.57,471.84,189.03,1,-1,-1,-1
77,11,685.33,146.82,731.86,272.38,1,-1,-1,-1
77,19,605.63,145.06,632.37,230.25,1,-1,-1,-1
77,35,301.48,185.25,399.99,291.96,1,-1,-1,-1
77,38,487.76,144.35,533.05,181.74,1,-1,-1,-1
77,40,663.30,151.17,687.70,227.35,1,-1,-1,-1
78,7,244.79,192.08,328.38,299.53,1,-1,-1,-1
78,9,550.04,132.12,592.96,233.14,1,-1,-1,-1
78,10,504.49,146.99,468.21,184.08,1,-1,-1,-1
78,11,683.05,146.91,741.78,276.35,1,-1,-1,-1
78,19,610.18,145.27,633.73,230.28,1,-1,-1,-1
78,35,299.72,184.31,400.27,291.89,1,-1,-1,-1
78,38,485.15,144.02,533.27,182.63,1,-1,-1,-1
78,40,665.52,149.63,693.99,229.41,1,-1,-1,-1
79,7,245.99,192.89,327.36,299.61,1,-1,-1,-1
79,9,552.51,134.66,594.96,234.27,1,-1,-1,-1
79,10,513.80,145.98,469.16,182.66,1,-1,-1,-1
79,11,699.40,145.29,742.81,276.55,1,-1,-1,-1
79,19,612.78,144.78,637.59,231.44,1,-1,-1,-1
79,22,405.17,140.19,486.48,188.52,1,-1,-1,-1
79,35,297.60,185.32,401.88,292.96,1,-1,-1,-1
79,38,506.08,147.28,531.94,182.00,1,-1,-1,-1
79,40,671.07,150.04,692.23,228.65,1,-1,-1,-1
80,7,240.32,180.48,326.45,299.84,1,-1,-1,-1
80,9,553.36,134.93,597.66,235.83,1,-1,-1,-1
80,10,514.83,146.30,470.71,181.65,1,-1,-1,-1
80,11,714.12,145.58,740.91,275.17,1,-1,-1,-1
80,19,615.42,144.61,638.39,231.28,1,-1,-1,-1
80,22,403.15,139.92,486.47,188.52,1,-1,-1,-1
80,35,294.26,186.44,401.41,292.46,1,-1,-1,-1
80,38,511.96,148.24,531.14,181.73,1,-1,-1,-1
80,40,673.62,151.28,694.95,229.41,1,-1,-1,-1
81,7,242.58,186.35,326.13,300.35,1,-1,-1,-1
81,9,555.09,134.77,598.07,236.31,1,-1,-1,-1
81,10,512.17,145.57,474.01,181.61,1,-1,-1,-1
81,11,717.81,147.16,754.80,280.12,1,-1,-1,-1
81,19,615.73,144.54,643.97,233.02,1,-1,-1,-1
81,29,399.89,191.68,467.72,268.99,1,-1,-1,-1
81,35,296.33,185.39,402.20,292.97,1,-1,-1,-1
81,38,512.82,148.32,530.43,181.59,1,-1,-1,-1
81,40,674.54,151.39,699.25,230.75,1,-1,-1,-1
82,7,238.14,181.82,326.60,301.58,1,-1,-1,-1
82,9,557.47,132.97,597.74,236.37,1,-1,-1,-1
82,10,507.56,144.29,475.72,181.11,1,-1,-1,-1
82,11,718.69,148.80,768.23,285.11,1,-1,-1,-1
82,19,615.99,145.00,649.36,234.80,1,-1,-1,-1
82,22,399.11,139.96,477.94,189.65,1,-1,-1,-1
82,29,408.94,192.71,466.36,265.40,1,-1,-1,-1
82,35,294.58,186.69,401.33,292.25,1,-1,-1,-1
82,38,511.24,147.64,530.01,181.61,1,-1,-1,-1
82,40,676.81,151.40,702.25,231.63,1,-1,-1,-1
83,7,245.55,187.04,324.64,300.49,1,-1,-1,-1
83,9,558.46,131.67,601.59,238.19,1,-1,-1,-1
83,10,503.32,143.68,478.02,181.06,1,-1,-1,-1
83,11,725.02,148.67,775.34,287.68,1,-1,-1,-1
83,19,616.73,145.94,653.33,236.00,1,-1,-1,-1
83,22,400.26,140.02,469.55,189.42,1,-1,-1,-1
83,29,414.35,193.23,464.69,262.28,1,-1,-1,-1
83,35,298.86,186.18,401.05,291.86,1,-1,-1,-1
83,38,507.47,147.66,529.01,181.45,1,-1,-1,-1
83,40,679.06,150.76,704.80,232.38,1,-1,-1,-1
84,7,249.28,189.21,322.65,298.92,1,-1,-1,-1
84,9,555.27,132.05,603.17,239.13,1,-1,-1,-1
84,10,498.39,143.67,480.59,181.29,1,-1,-1,-1
84,11,736.53,147.04,782.09,289.98,1,-1,-1,-1
84,19,621.82,143.49,656.20,236.72,1,-1,-1,-1
84,22,397.62,139.84,469.74,189.50,1,-1,-1,-1
84,29,415.00,193.28,463.24,261.46,1,-1,-1,-1
84,35,295.60,188.03,400.80,291.51,1,-1,-1,-1
84,38,504.30,147.89,528.82,181.66,1,-1,-1,-1
84,40,681.25,150.14,707.20,233.06,1,-1,-1,-1
85,7,250.12,186.01,321.42,298.14,1,-1,-1,-1
85,9,553.18,132.95,607.53,241.25,1,-1,-1,-1
85,10,495.71,144.43,481.69,180.99,1,-1,-1,-1
85,11,748.70,147.44,787.03,291.46,1,-1,-1,-1
85,19,625.10,143.09,656.99,236.81,1,-1,-1,-1
85,35,297.34,186.93,402.28,292.62,1,-1,-1,-1
85,38,501.59,147.78,527.43,181.52,1,-1,-1,-1
85,40,682.12,151.19,710.01,233.85,1,-1,-1,-1
86,7,251.95,183.46,320.52,297.41,1,-1,-1,-1
86,9,552.83,133.41,613.17,244.05,1,-1,-1,-1
86,10,489.69,144.91,484.29,181.52,1,-1,-1,-1
86,11,756.81,149.62,794.83,293.72,1,-1,-1,-1
86,19,625.82,144.71,660.64,238.14,1,-1,-1,-1
86,35,296.95,183.80,402.66,292.76,1,-1,-1,-1
86,38,499.33,147.61,526.16,181.45,1,-1,-1,-1
86,40,683.17,151.06,714.47,235.29,1,-1,-1,-1
87,7,242.65,172.95,322.11,299.66,1,-1,-1,-1
87,9,558.62,133.17,615.14,245.31,1,-1,-1,-1
87,10,484.25,144.38,486.68,182.05,1,-1,-1,-1
87,11,757.26,151.13,807.36,298.21,1,-1,-1,-1
87,19,627.95,145.02,665.80,239.96,1,-1,-1,-1
87,29,418.79,192.79,467.37,262.36,1,-1,-1,-1
87,35,296.82,182.75,402.58,292.59,1,-1,-1,-1
87,38,496.68,148.13,525.47,181.64,1,-1,-1,-1
87,40,686.87,150.28,718.56,236.57,1,-1,-1,-1
88,7,246.78,185.49,321.77,299.82,1,-1,-1,-1
88,9,564.83,131.87,613.75,245.02,1,-1,-1,-1
88,10,480.43,145.22,488.98,182.77,1,-1,-1,-1
88,11,756.58,150.99,818.93,302.68,1,-1,-1,-1
88,19,629.94,145.25,669.22,241.09,1,-1,-1,-1
88,29,419.67,192.81,466.33,261.78,1,-1,-1,-1
88,35,293.63,184.91,402.00,292.11,1,-1,-1,-1
88,38,491.96,148.89,524.90,181.91,1,-1,-1,-1
88,40,692.56,149.72,722.25,237.62,1,-1,-1,-1
89,7,245.81,185.10,320.76,299.35,1,-1,-1,-1
89,9,567.04,131.34,615.82,246.10,1,-1,-1,-1
89,10,475.50,143.86,490.46,183.48,1,-1,-1,-1
89,11,773.41,147.84,826.60,305.52,1,-1,-1,-1
89,19,628.81,144.89,672.42,242.10,1,-1,-1,-1
89,35,296.21,183.94,403.15,292.95,1,-1,-1,-1
89,38,488.96,149.24,524.52,182.28,1,-1,-1,-1
89,40,697.27,150.38,725.29,238.40,1,-1,-1,-1
90,7,241.46,173.43,321.68,300.80,1,-1,-1,-1
90,9,572.20,131.64,617.21,246.81,1,-1,-1,-1
90,10,471.03,144.40,489.62,183.35,1,-1,-1,-1
90,11,786.64,147.26,835.06,308.58,1,-1,-1,-1
90,15,575.35,142.03,550.43,179.15,1,-1,-1,-1
90,19,630.45,144.87,678.17,244.22,1,-1,-1,-1
90,35,299.60,182.24,402.88,292.63,1,-1,-1,-1
90,38,487.75,150.05,523.05,182.31,1,-1,-1,-1
90,40,700.93,151.94,730.24,239.85,1,-1,-1,-1
91,7,248.06,190.95,321.51,300.92,1,-1,-1,-1
91,9,575.75,131.35,621.51,248.80,1,-1,-1,-1
91,10,467.24,145.20,489.28,183.47,1,-1,-1,-1
91,11,797.21,149.90,839.35,309.34,1,-1,-1,-1
91,15,568.81,142.17,556.61,179.56,1,-1,-1,-1
91,19,633.75,146.35,677.83,243.98,1,-1,-1,-1
91,22,390.52,140.17,439.62,179.86,1,-1,-1,-1
91,29,424.11,191.05,469.49,262.31,1,-1,-1,-1
91,35,298.79,182.53,402.94,292.64,1,-1,-1,-1
91,38,484.46,149.68,522.14,182.66,1,-1,-1,-1
91,40,704.33,152.55,734.13,240.99,1,-1,-1,-1
92,7,242.96,180.83,320.41,300.32,1,-1,-1,-1
92,9,581.15,131.79,622.85,249.44,1,-1,-1,-1
92,10,464.62,145.69,488.66,183.52,1,-1,-1,-1
92,11,798.49,152.01,858.86,316.48,1,-1,-1,-1
92,15,563.08,141.69,556.75,178.64,1,-1,-1,-1
92,19,628.05,147.11,686.54,247.53,1,-1,-1,-1
92,22,388.54,140.12,437.80,179.12,1,-1,-1,-1
92,29,420.64,192.21,471.31,262.51,1,-1,-1,-1
92,35,299.25,183.09,403.19,292.75,1,-1,-1,-1
92,38,481.54,150.57,521.80,183.26,1,-1,-1,-1
92,40,711.50,152.27,733.90,240.60,1,-1,-1,-1
93,7,242.19,178.73,320.06,300.33,1,-1,-1,-1
93,9,585.58,131.79,625.71,250.74,1,-1,-1,-1
93,10,460.75,147.12,487.69,183.51,1,-1,-1,-1
93,11,809.62,151.88,870.72,320.77,1,-1,-1,-1
93,15,560.31,141.50,558.52,178.64,1,-1,-1,-1
93,19,627.50,147.50,688.97,248.78,1,-1,-1,-1
93,29,417.73,192.10,473.60,263.26,1,-1,-1,-1
93,35,301.16,183.79,403.50,292.98,1,-1,-1,-1
93,38,479.63,151.53,519.54,183.15,1,-1,-1,-1
93,40,712.06,151.06,740.88,242.88,1,-1,-1,-1
94,7,241.08,173.19,320.32,301.02,1,-1,-1,-1
94,9,585.02,131.00,632.19,253.71,1,-1,-1,-1
94,10,458.74,146.93,486.74,183.54,1,-1,-1,-1
94,11,835.74,150.29,871.23,319.98,1,-1,-1,-1
94,15,557.46,141.16,559.24,178.47,1,-1,-1,-1
94,19,632.08,146.88,688.76,248.93,1,-1,-1,-1
94,29,416.10,192.10,476.32,264.56,1,-1,-1,-1
94,35,300.04,182.61,403.18,292.75,1,-1,-1,-1
94,38,478.40,152.48,517.88,183.23,1,-1,-1,-1
94,40,715.87,152.16,746.29,244.48,1,-1,-1,-1
95,7,246.02,178.73,318.64,299.59,1,-1,-1,-1
95,9,585.04,131.55,632.32,253.85,1,-1,-1,-1
95,10,456.39,147.11,486.95,184.07,1,-1,-1,-1
95,11,849.12,150.86,889.72,326.32,1,-1,-1,-1
95,15,551.67,140.64,562.39,179.44,1,-1,-1,-1
95,19,635.97,146.71,689.83,249.69,1,-1,-1,-1
95,29,414.99,192.03,477.38,265.05,1,-1,-1,-1
95,35,299.15,183.09,403.53,292.98,1,-1,-1,-1
95,38,475.56,151.22,516.22,183.38,1,-1,-1,-1
95,40,718.57,152.23,748.42,245.01,1,-1,-1,-1
96,7,241.73,178.13,319.63,300.70,1,-1,-1,-1
96,9,582.65,132.63,636.72,255.89,1,-1,-1,-1
96,10,453.92,148.11,487.45,184.81,1,-1,-1,-1
96,11,856.32,152.23,913.58,334.31,1,-1,-1,-1
96,15,550.06,140.78,564.48,180.16,1,-1,-1,-1
96,19,637.83,147.69,693.70,251.56,1,-1,-1,-1
96,29,415.08,192.00,477.37,265.05,1,-1,-1,-1
96,35,297.09,183.40,404.10,293.41,1,-1,-1,-1
96,38,472.61,150.90,514.53,183.57,1,-1,-1,-1
96,40,722.05,152.08,753.53,246.61,1,-1,-1,-1
97,7,240.50,173.18,320.21,301.73,1,-1,-1,-1
97,9,584.22,133.22,642.56,258.67,1,-1,-1,-1
97,10,446.64,146.78,488.79,186.03,1,-1,-1,-1
97,11,860.21,153.94,926.78,338.48,1,-1,-1,-1
97,15,548.89,139.84,565.48,180.56,1,-1,-1,-1
97,19,635.84,149.49,705.60,256.55,1,-1,-1,-1
97,29,415.01,191.86,477.82,265.13,1,-1,-1,-1
97,35,298.86,184.48,403.49,292.92,1,-1,-1,-1
97,38,470.59,150.17,512.90,183.76,1,-1,-1,-1
97,40,728.58,151.20,755.31,246.90,1,-1,-1,-1
98,7,240.80,176.07,319.66,301.64,1,-1,-1,-1
98,9,592.14,131.82,645.89,260.37,1,-1,-1,-1
98,10,443.47,146.20,487.40,186.25,1,-1,-1,-1
98,11,871.40,153.09,934.80,340.85,1,-1,-1,-1
98,15,547.19,139.67,566.91,181.20,1,-1,-1,-1
98,19,639.87,149.96,706.79,257.40,1,-1,-1,-1
98,29,420.37,190.67,476.16,263.78,1,-1,-1,-1
98,35,297.83,185.16,403.70,293.11,1,-1,-1,-1
98,38,468.20,151.35,511.19,183.87,1,-1,-1,-1
98,40,736.00,151.89,757.48,247.14,1,-1,-1,-1
99,7,240.69,174.96,318.52,300.82,1,-1,-1,-1
99,9,598.59,130.55,649.50,262.14,1,-1,-1,-1
99,10,440.86,145.81,488.13,187.47,1,-1,-1,-1
99,11,898.33,148.91,944.57,343.85,1,-1,-1,-1
99,15,545.38,140.25,566.78,181.27,1,-1,-1,-1
99,19,640.97,149.29,711.00,259.49,1,-1,-1,-1
99,29,421.06,190.52,475.91,263.65,1,-1,-1,-1
99,35,300.70,185.83,404.21,293.58,1,-1,-1,-1
99,38,464.23,152.14,510.09,184.22,1,-1,-1,-1
99,40,739.39,153.27,765.17,249.33,1,-1,-1,-1
100,7,239.80,176.65,319.40,301.72,1,-1,-1,-1
100,9,602.14,131.80,653.28,263.99,1,-1,-1,-1
100,10,462.43,149.29,484.60,185.89,1,-1,-1,-1
100,11,916.10,148.50,962.40,349.83,1,-1,-1,-1
100,15,545.72,140.66,566.68,181.33,1,-1,-1,-1
100,19,644.37,148.41,712.24,260.30,1,-1,-1,-1
100,29,422.24,191.21,476.61,263.79,1,-1,-1,-1
100,35,300.65,184.84,403.74,293.26,1,-1,-1,-1
100,38,461.14,152.42,510.57,184.39,1,-1,-1,-1
100,40,740.75,154.24,772.09,251.35,1,-1,-1,-1
101,7,247.98,181.10,317.74,299.79,1,-1,-1,-1
101,9,605.06,134.24,656.14,265.38,1,-1,-1,-1
101,10,468.36,149.17,482.33,185.00,1,-1,-1,-1
101,11,928.07,150.25,983.64,356.41,1,-1,-1,-1
101,15,548.15,141.06,565.51,180.98,1,-1,-1,-1
101,19,643.33,150.70,721.34,264.42,1,-1,-1,-1
101,22,448.36,145.20,451.01,183.43,1,-1,-1,-1
101,29,421.86,191.27,475.92,263.05,1,-1,-1,-1
101,35,301.27,184.95,402.56,292.31,1,-1,-1,-1
101,38,447.01,147.28,509.56,185.56,1,-1,-1,-1
101,40,747.30,154.69,774.78,251.85,1,-1,-1,-1
101,48,740.44,210.62,760.22,242.96,1,-1,-1,-1
102,7,244.21,178.03,317.76,300.08,1,-1,-1,-1
102,9,610.21,135.62,657.14,265.87,1,-1,-1,-1
102,10,468.81,149.52,482.44,185.04,1,-1,-1,-1
102,11,938.00,151.03,1006.02,363.53,1,-1,-1,-1
102,15,549.05,141.40,565.00,180.85,1,-1,-1,-1
102,19,644.14,152.58,726.98,267.25,1,-1,-1,-1
102,22,450.27,145.06,452.06,183.13,1,-1,-1,-1
102,29,422.53,191.22,475.60,262.87,1,-1,-1,-1
102,35,296.00,186.83,402.26,292.07,1,-1,-1,-1
102,38,445.41,146.44,508.75,186.52,1,-1,-1,-1
102,40,751.87,153.86,778.91,252.91,1,-1,-1,-1
102,48,744.94,207.94,763.82,244.09,1,-1,-1,-1
103,7,241.62,173.28,318.43,301.04,1,-1,-1,-1
103,9,611.20,133.37,660.36,267.34,1,-1,-1,-1
103,11,961.79,150.59,1017.03,366.36,1,-1,-1,-1
103,15,547.82,141.17,567.35,181.81,1,-1,-1,-1
103,19,651.79,152.63,723.64,266.46,1,-1,-1,-1
103,22,444.43,145.25,451.67,182.62,1,-1,-1,-1
103,35,298.77,184.81,403.26,292.83,1,-1,-1,-1
103,38,447.44,146.14,507.12,187.04,1,-1,-1,-1
103,40,754.18,153.52,786.30,255.12,1,-1,-1,-1
103,48,748.20,210.96,769.87,246.06,1,-1,-1,-1
104,7,247.83,184.18,317.57,300.28,1,-1,-1,-1
104,9,599.07,131.76,667.08,270.38,1,-1,-1,-1
104,11,997.92,146.72,1026.83,368.31,1,-1,-1,-1
104,15,547.92,141.58,567.45,181.98,1,-1,-1,-1
104,19,659.56,151.24,726.90,267.96,1,-1,-1,-1
104,22,442.25,146.05,449.58,181.49,1,-1,-1,-1
104,29,422.21,191.91,475.04,262.16,1,-1,-1,-1
104,35,298.33,183.52,403.39,292.85,1,-1,-1,-1
104,38,448.81,145.82,505.27,187.41,1,-1,-1,-1
104,40,758.46,154.58,794.27,257.52,1,-1,-1,-1
104,48,755.24,214.99,770.85,246.29,1,-1,-1,-1
105,7,243.50,178.85,317.35,300.25,1,-1,-1,-1
105,9,583.92,131.29,678.36,275.77,1,-1,-1,-1
105,10,470.48,146.13,483.33,185.41,1,-1,-1,-1
105,11,1021.22,145.78,1038.24,369.82,1,-1,-1,-1
105,15,548.47,141.55,568.76,182.57,1,-1,-1,-1
105,19,663.73,153.15,733.80,270.92,1,-1,-1,-1
105,22,438.20,145.53,451.89,182.59,1,-1,-1,-1
105,29,422.99,192.25,475.59,262.14,1,-1,-1,-1
105,35,299.88,184.53,403.56,292.93,1,-1,-1,-1
105,38,447.65,148.16,499.41,186.23,1,-1,-1,-1
105,40,763.65,154.07,793.68,256.93,1,-1,-1,-1
105,48,762.75,214.00,772.67,246.69,1,-1,-1,-1
106,7,242.86,179.43,317.91,300.93,1,-1,-1,-1
106,9,577.34,132.42,684.89,279.23,1,-1,-1,-1
106,10,473.30,147.02,486.07,186.43,1,-1,-1,-1
106,11,1041.99,150.50,1049.86,370.21,1,-1,-1,-1
106,15,550.23,141.41,566.16,181.71,1,-1,-1,-1
106,19,663.80,154.81,742.13,274.71,1,-1,-1,-1
106,22,435.69,145.65,451.31,182.49,1,-1,-1,-1
106,29,417.57,193.88,476.19,262.32,1,-1,-1,-1
106,35,299.87,184.65,403.42,292.75,1,-1,-1,-1
106,38,445.97,148.82,496.06,185.99,1,-1,-1,-1
106,40,768.12,153.95,801.71,259.42,1,-1,-1,-1
106,48,771.10,212.95,774.39,246.93,1,-1,-1,-1
107,7,246.73,183.22,316.79,299.86,1,-1,-1,-1
107,9,572.23,133.32,693.70,284.06,1,-1,-1,-1
107,10,476.22,147.83,487.62,186.71,1,-1,-1,-1
107,11,1059.84,150.09,1058.48,369.78,1,-1,-1,-1
107,15,549.23,141.06,565.27,181.47,1,-1,-1,-1
107,19,665.55,154.27,747.65,277.65,1,-1,-1,-1
107,22,433.05,145.44,449.12,181.59,1,-1,-1,-1
107,29,417.53,194.11,475.92,262.17,1,-1,-1,-1
107,35,299.47,184.73,403.44,292.77,1,-1,-1,-1
107,38,444.02,151.11,493.15,185.89,1,-1,-1,-1
107,40,778.06,154.12,806.26,260.50,1,-1,-1,-1
107,48,776.61,212.78,776.56,247.62,1,-1,-1,-1
108,7,243.49,181.24,317.54,300.33,1,-1,-1,-1
108,9,571.98,134.35,697.78,287.00,1,-1,-1,-1
108,10,476.81,148.25,490.10,187.40,1,-1,-1,-1
108,11,1085.21,147.08,1064.73,368.23,1,-1,-1,-1
108,15,545.81,140.82,567.50,182.39,1,-1,-1,-1
108,19,669.27,151.95,749.93,279.08,1,-1,-1,-1
108,22,429.58,145.02,448.07,181.29,1,-1,-1,-1
108,35,297.70,181.98,403.99,293.20,1,-1,-1,-1
108,38,440.65,152.30,491.33,186.25,1,-1,-1,-1
108,40,782.17,154.28,817.85,264.13,1,-1,-1,-1
109,7,246.87,186.71,316.25,299.09,1,-1,-1,-1
109,9,590.64,132.65,690.19,284.36,1,-1,-1,-1
109,10,481.39,148.90,489.68,186.90,1,-1,-1,-1
109,11,1139.29,144.79,1074.45,367.52,1,-1,-1,-1
109,15,546.38,140.68,564.96,181.57,1,-1,-1,-1
109,19,675.55,152.86,754.36,281.17,1,-1,-1,-1
109,22,425.13,144.11,449.86,182.48,1,-1,-1,-1
109,35,297.97,183.97,404.40,293.54,1,-1,-1,-1
109,38,437.05,152.64,490.20,186.83,1,-1,-1,-1
109,40,788.95,155.38,825.35,266.40,1,-1,-1,-1
110,7,248.40,191.13,316.69,299.56,1,-1,-1,-1
110,9,610.48,132.44,693.37,286.50,1,-1,-1,-1
110,10,486.20,149.19,489.19,186.33,1,-1,-1,-1
110,11,1173.95,146.64,1089.36,368.36,1,-1,-1,-1
110,15,546.70,140.41,565.12,181.71,1,-1,-1,-1
110,19,678.54,153.91,761.43,284.50,1,-1,-1,-1
110,22,422.61,144.39,450.81,183.40,1,-1,-1,-1
110,35,297.85,182.09,404.61,293.77,1,-1,-1,-1
110,38,434.26,151.73,487.93,186.98,1,-1,-1,-1
110,40,795.62,156.04,830.64,267.87,1,-1,-1,-1
110,48,797.65,218.34,796.83,253.72,1,-1,-1,-1
111,7,252.73,185.79,315.56,297.99,1,-1,-1,-1
111,9,620.61,134.77,698.94,289.79,1,-1,-1,-1
111,10,490.90,147.41,490.40,186.40,1,-1,-1,-1
111,11,1193.16,146.96,1102.27,368.26,1,-1,-1,-1
111,15,545.73,140.84,566.81,182.46,1,-1,-1,-1
111,19,677.87,155.85,771.96,289.59,1,-1,-1,-1
111,22,416.08,144.58,450.03,183.68,1,-1,-1,-1
111,35,298.28,182.60,404.45,293.63,1,-1,-1,-1
111,38,431.51,150.92,485.43,187.11,1,-1,-1,-1
111,40,802.69,156.18,829.32,266.94,1,-1,-1,-1
111,48,803.88,218.08,801.16,254.56,1,-1,-1,-1
112,7,250.90,185.09,316.09,298.54,1,-1,-1,-1
112,9,625.44,134.98,705.22,293.42,1,-1,-1,-1
112,10,494.82,147.10,491.79,186.38,1,-1,-1,-1
112,11,1207.45,171.67,1113.48,367.99,1,-1,-1,-1
112,15,547.19,140.89,565.68,182.17,1,-1,-1,-1
112,19,680.97,156.59,776.98,292.33,1,-1,-1,-1
112,22,414.18,144.44,448.89,183.86,1,-1,-1,-1
112,35,298.99,183.28,403.97,293.24,1,-1,-1,-1
112,38,426.41,149.71,479.26,185.66,1,-1,-1,-1
112,40,805.87,155.91,839.09,269.95,1,-1,-1,-1
112,48,808.03,220.51,804.36,255.05,1,-1,-1,-1
113,7,245.90,181.04,317.35,299.79,1,-1,-1,-1
113,9,631.79,135.73,704.91,293.98,1,-1,-1,-1
113,10,496.65,146.48,494.71,186.91,1,-1,-1,-1
113,11,1232.43,174.21,1118.25,369.57,1,-1,-1,-1
113,15,549.19,141.14,564.01,181.66,1,-1,-1,-1
113,19,689.59,155.21,778.46,293.58,1,-1,-1,-1
113,22,412.59,144.47,449.21,183.99,1,-1,-1,-1
113,29,413.75,192.78,478.39,263.43,1,-1,-1,-1
113,35,298.25,183.92,403.56,292.91,1,-1,-1,-1
113,38,422.42,149.68,479.27,185.66,1,-1,-1,-1
113,40,810.45,156.65,846.58,271.98,1,-1,-1,-1
113,48,814.08,221.17,807.65,256.09,1,-1,-1,-1
114,7,243.25,178.06,317.76,300.46,1,-1,-1,-1
114,9,636.75,135.25,711.00,297.30,1,-1,-1,-1
114,10,499.09,145.36,496.00,186.78,1,-1,-1,-1
114,15,549.34,141.25,565.88,182.39,1,-1,-1,-1
114,19,695.88,155.03,783.84,296.39,1,-1,-1,-1
114,22,408.48,144.61,446.24,183.56,1,-1,-1,-1
114,29,418.47,192.74,476.93,262.27,1,-1,-1,-1
114,35,296.81,183.46,404.01,293.22,1,-1,-1,-1
114,40,816.10,156.65,852.75,273.64,1,-1,-1,-1
115,7,242.39,176.80,317.65,300.58,1,-1,-1,-1
115,9,636.72,132.31,716.00,300.22,1,-1,-1,-1
115,10,504.45,144.32,495.22,185.76,1,-1,-1,-1
115,15,549.02,141.25,566.02,182.43,1,-1,-1,-1
115,19,701.81,156.18,789.39,299.11,1,-1,-1,-1
115,22,403.61,145.26,446.43,184.55,1,-1,-1,-1
115,29,420.10,194.68,476.69,261.84,1,-1,-1,-1
115,35,299.66,184.73,404.19,293.32,1,-1,-1,-1
115,40,824.51,156.15,857.43,274.80,1,-1,-1,-1
115,48,823.60,219.24,823.20,260.39,1,-1,-1,-1
116,7,246.24,185.32,317.96,300.87,1,-1,-1,-1
116,9,626.66,132.31,727.45,306.29,1,-1,-1,-1
116,10,509.12,143.39,495.65,185.14,1,-1,-1,-1
116,19,705.22,158.54,794.51,301.78,1,-1,-1,-1
116,22,401.24,145.37,446.84,184.72,1,-1,-1,-1
116,29,420.48,194.89,476.46,261.71,1,-1,-1,-1
116,35,299.22,185.49,403.57,292.80,1,-1,-1,-1
116,40,837.27,156.40,862.47,275.89,1,-1,-1,-1
116,48,832.08,219.49,827.82,260.94,1,-1,-1,-1
117,7,248.02,189.47,317.48,300.26,1,-1,-1,-1
117,9,620.78,134.48,736.13,311.33,1,-1,-1,-1
117,10,512.16,143.05,498.44,185.43,1,-1,-1,-1
117,15,550.30,143.53,568.96,183.50,1,-1,-1,-1
117,19,712.42,158.47,803.06,305.58,1,-1,-1,-1
117,29,419.03,192.87,477.21,261.92,1,-1,-1,-1
117,35,300.84,184.54,403.64,292.88,1,-1,-1,-1
117,40,841.86,155.14,873.55,279.02,1,-1,-1,-1
117,48,838.79,222.58,837.38,263.25,1,-1,-1,-1
118,7,251.92,188.04,315.83,298.34,1,-1,-1,-1
118,9,623.36,137.36,742.45,315.54,1,-1,-1,-1
118,10,514.27,143.47,502.19,185.97,1,-1,-1,-1
118,15,550.63,145.88,569.55,183.84,1,-1,-1,-1
118,19,713.80,158.13,812.36,309.97,1,-1,-1,-1
118,29,419.48,192.74,476.41,261.16,1,-1,-1,-1
118,35,299.06,184.38,404.08,293.25,1,-1,-1,-1
118,40,848.62,156.19,884.07,281.95,1,-1,-1,-1
118,48,844.82,225.98,850.73,267.02,1,-1,-1,-1
119,7,250.03,188.56,316.14,298.69,1,-1,-1,-1
119,9,635.98,135.30,748.72,319.79,1,-1,-1,-1
119,10,517.44,144.29,502.05,184.90,1,-1,-1,-1
119,15,551.97,143.96,569.34,183.86,1,-1,-1,-1
119,19,711.36,159.61,821.15,314.86,1,-1,-1,-1
119,22,395.33,147.00,432.97,179.70,1,-1,-1,-1
119,29,419.74,192.70,476.11,261.00,1,-1,-1,-1
119,35,296.97,183.38,404.68,293.75,1,-1,-1,-1
119,40,855.17,157.29,896.52,285.64,1,-1,-1,-1
119,48,852.81,227.61,861.94,270.13,1,-1,-1,-1
120,7,252.51,188.30,315.85,298.12,1,-1,-1,-1
120,9,652.23,132.89,749.06,321.11,1,-1,-1,-1
120,10,520.71,144.06,503.56,184.57,1,-1,-1,-1
120,15,552.92,142.52,569.61,183.98,1,-1,-1,-1
120,19,710.32,163.01,835.32,322.24,1,-1,-1,-1
120,22,395.47,146.16,431.16,179.75,1,-1,-1,-1
120,29,419.33,192.46,477.59,261.66,1,-1,-1,-1
120,35,298.26,185.06,404.54,293.60,1,-1,-1,-1
120,40,868.21,157.49,903.04,287.30,1,-1,-1,-1
120,48,862.24,227.37,873.26,273.29,1,-1,-1,-1
121,7,250.23,184.41,315.93,298.07,1,-1,-1,-1
121,9,661.12,132.18,754.67,324.56,1,-1,-1,-1
121,10,525.46,143.54,503.88,183.67,1,-1,-1,-1
121,15,555.35,141.89,567.03,183.00,1,-1,-1,-1
121,19,711.15,163.29,847.73,329.10,1,-1,-1,-1
121,22,393.29,146.28,430.42,179.44,1,-1,-1,-1
121,29,414.25,193.22,476.33,260.83,1,-1,-1,-1
121,35,298.91,186.26,404.07,293.33,1,-1,-1,-1
121,40,878.25,156.30,909.12,288.77,1,-1,-1,-1
121,48,873.71,232.88,876.38,273.58,1,-1,-1,-1
122,7,252.81,186.54,316.33,298.14,1,-1,-1,-1
122,9,665.67,134.80,765.78,330.54,1,-1,-1,-1
122,10,528.33,142.40,507.63,184.20,1,-1,-1,-1
122,15,556.72,142.37,566.75,182.75,1,-1,-1,-1
122,19,718.50,164.34,851.58,332.37,1,-1,-1,-1
122,29,418.61,191.91,477.50,261.36,1,-1,-1,-1
122,35,295.44,187.38,402.66,292.29,1,-1,-1,-1
122,40,890.82,156.09,915.32,290.02,1,-1,-1,-1
122,48,886.52,232.83,885.81,275.72,1,-1,-1,-1
123,7,246.19,179.59,317.73,299.72,1,-1,-1,-1
123,9,671.06,136.22,765.30,331.21,1,-1,-1,-1
123,10,531.62,143.40,509.57,183.99,1,-1,-1,-1
123,15,561.08,142.22,560.99,180.42,1,-1,-1,-1
123,19,729.34,162.11,852.94,334.21,1,-1,-1,-1
123,29,420.01,191.91,478.55,261.89,1,-1,-1,-1
123,35,298.02,187.37,403.98,293.30,1,-1,-1,-1
123,40,899.35,158.03,929.66,293.73,1,-1,-1,-1
123,48,894.81,234.03,891.49,277.49,1,-1,-1,-1
124,7,246.62,181.21,316.63,298.57,1,-1,-1,-1
124,9,681.06,136.13,766.32,332.23,1,-1,-1,-1
124,10,534.17,141.62,512.25,183.91,1,-1,-1,-1
124,15,561.36,142.16,561.98,180.37,1,-1,-1,-1
124,19,732.61,162.39,854.60,336.39,1,-1,-1,-1
124,29,421.00,191.87,478.56,261.79,1,-1,-1,-1
124,35,298.51,185.69,404.60,293.85,1,-1,-1,-1
124,40,911.50,157.59,933.99,294.36,1,-1,-1,-1
124,48,907.60,247.10,907.95,281.63,1,-1,-1,-1
125,7,243.42,181.56,317.97,300.20,1,-1,-1,-1
125,9,686.90,132.29,778.33,338.47,1,-1,-1,-1
125,10,538.15,141.27,511.87,183.78,1,-1,-1,-1
125,15,560.05,142.92,564.65,181.04,1,-1,-1,-1
125,19,730.75,164.02,871.10,344.75,1,-1,-1,-1
125,29,421.73,191.72,477.12,260.76,1,-1,-1,-1
125,35,298.27,186.88,404.31,293.63,1,-1,-1,-1
125,40,923.11,156.47,946.80,297.89,1,-1,-1,-1
125,48,916.52,248.40,927.85,287.31,1,-1,-1,-1
126,7,243.48,182.00,318.57,300.95,1,-1,-1,-1
126,9,682.85,132.28,783.08,341.27,1,-1,-1,-1
126,15,558.46,143.07,568.25,182.13,1,-1,-1,-1
126,19,738.93,165.34,879.81,349.76,1,-1,-1,-1
126,22,378.41,147.01,426.88,179.56,1,-1,-1,-1
126,29,419.55,192.72,478.69,261.59,1,-1,-1,-1
126,35,300.97,187.05,403.48,293.02,1,-1,-1,-1
126,40,938.01,155.18,952.02,298.53,1,-1,-1,-1
126,48,932.44,243.51,930.20,286.85,1,-1,-1,-1
127,7,249.07,192.44,318.93,301.31,1,-1,-1,-1
127,9,672.87,137.33,801.35,350.85,1,-1,-1,-1
127,15,533.09,144.27,567.99,182.96,1,-1,-1,-1
127,19,755.98,163.22,886.12,353.82,1,-1,-1,-1
127,22,375.71,147.14,426.49,179.40,1,-1,-1,-1
127,29,418.73,191.08,478.52,261.38,1,-1,-1,-1
127,35,299.70,187.82,404.28,293.63,1,-1,-1,-1
127,40,949.05,157.63,970.69,303.49,1,-1,-1,-1
127,48,942.30,245.07,936.98,288.94,1,-1,-1,-1
128,7,245.38,181.87,318.49,301.02,1,-1,-1,-1
128,9,672.50,137.61,805.30,353.56,1,-1,-1,-1
128,15,526.80,149.12,566.13,183.09,1,-1,-1,-1
128,19,770.87,161.15,886.72,355.16,1,-1,-1,-1
128,29,419.26,191.93,479.02,261.59,1,-1,-1,-1
128,35,298.66,186.20,404.17,293.56,1,-1,-1,-1
128,40,957.91,159.96,992.44,309.62,1,-1,-1,-1
129,7,250.62,190.86,318.42,300.82,1,-1,-1,-1
129,9,681.46,137.55,813.30,358.25,1,-1,-1,-1
129,15,523.77,149.83,566.43,183.18,1,-1,-1,-1
129,19,779.17,163.86,895.22,359.54,1,-1,-1,-1
129,29,418.34,191.39,478.70,261.30,1,-1,-1,-1
129,35,298.70,187.49,404.22,293.63,1,-1,-1,-1
129,40,975.34,160.07,998.66,310.51,1,-1,-1,-1
130,7,252.37,195.44,318.80,301.11,1,-1,-1,-1
130,9,705.38,131.19,823.87,364.27,1,-1,-1,-1
130,15,550.29,143.95,567.64,183.45,1,-1,-1,-1
130,19,788.22,164.68,905.10,364.44,1,-1,-1,-1
130,29,417.81,190.58,479.42,261.67,1,-1,-1,-1
130,35,298.50,185.74,404.91,294.20,1,-1,-1,-1
130,40,990.39,158.12,1000.04,309.79,1,-1,-1,-1
130,48,988.57,254.50,971.19,297.66,1,-1,-1,-1
131,7,245.22,183.50,318.50,300.98,1,-1,-1,-1
131,9,722.32,130.22,831.01,368.57,1,-1,-1,-1
131,15,550.37,143.97,567.99,183.57,1,-1,-1,-1
131,19,799.76,166.53,912.05,367.92,1,-1,-1,-1
131,29,418.29,191.35,480.11,262.06,1,-1,-1,-1
131,35,298.81,184.47,404.10,293.58,1,-1,-1,-1
131,40,997.07,157.88,1019.89,315.12,1,-1,-1,-1
131,48,1000.17,256.48,978.74,299.97,1,-1,-1,-1
132,7,243.88,178.84,318.07,300.64,1,-1,-1,-1
132,9,738.05,131.54,831.93,369.39,1,-1,-1,-1
132,15,543.27,143.16,563.12,182.19,1,-1,-1,-1
132,19,818.94,163.02,912.63,368.20,1,-1,-1,-1
132,29,418.02,191.53,480.55,262.32,1,-1,-1,-1
132,35,298.10,183.48,404.17,293.55,1,-1,-1,-1
132,40,1009.53,159.95,1042.17,320.87,1,-1,-1,-1
133,7,242.48,175.65,318.08,300.84,1,-1,-1,-1
133,9,750.88,132.55,833.63,370.00,1,-1,-1,-1
133,15,545.08,143.33,561.42,181.72,1,-1,-1,-1
133,19,829.27,161.11,915.15,368.80,1,-1,-1,-1
133,29,418.97,191.36,479.71,261.80,1,-1,-1,-1
133,35,297.34,184.93,404.29,293.68,1,-1,-1,-1
133,40,1022.15,160.24,1067.02,328.04,1,-1,-1,-1
134,7,241.88,176.56,317.93,300.74,1,-1,-1,-1
134,9,764.53,131.58,831.50,368.41,1,-1,-1,-1
134,10,574.09,143.26,511.50,180.15,1,-1,-1,-1
134,15,558.11,143.14,560.64,181.00,1,-1,-1,-1
134,19,838.79,162.72,919.17,369.42,1,-1,-1,-1
134,29,418.99,191.24,479.10,261.36,1,-1,-1,-1
134,35,297.76,186.45,404.03,293.47,1,-1,-1,-1
134,40,1040.00,161.00,1069.85,328.06,1,-1,-1,-1
135,7,241.28,177.22,317.60,300.59,1,-1,-1,-1
135,9,779.07,127.36,832.57,367.99,1,-1,-1,-1
135,10,575.53,143.08,525.43,182.53,1,-1,-1,-1
135,15,559.24,143.08,560.16,180.84,1,-1,-1,-1
135,19,859.27,163.83,922.56,368.66,1,-1,-1,-1
135,29,418.91,191.27,478.89,261.15,1,-1,-1,-1
135,35,296.72,187.15,405.07,294.33,1,-1,-1,-1
135,40,1053.60,159.52,1078.57,329.65,1,-1,-1,-1
136,7,246.37,187.34,317.81,300.71,1,-1,-1,-1
136,9,796.20,124.22,833.87,367.11,1,-1,-1,-1
136,10,574.18,142.08,533.38,183.26,1,-1,-1,-1
136,19,884.06,162.70,926.03,368.02,1,-1,-1,-1
136,29,420.13,191.46,479.41,261.40,1,-1,-1,-1
136,35,298.59,186.22,404.34,293.80,1,-1,-1,-1
136,40,1070.64,158.95,1102.80,336.00,1,-1,-1,-1
137,7,247.39,186.49,315.89,298.65,1,-1,-1,-1
137,9,795.61,123.94,837.14,366.68,1,-1,-1,-1
137,10,574.26,142.07,537.75,182.97,1,-1,-1,-1
137,19,916.19,160.52,933.47,368.24,1,-1,-1,-1
137,29,418.99,192.05,479.63,261.48,1,-1,-1,-1
137,35,298.80,186.13,404.70,294.09,1,-1,-1,-1
137,40,1088.68,161.12,1124.99,341.58,1,-1,-1,-1
137,52,1038.34,205.98,859.70,246.41,1,-1,-1,-1
138,7,244.50,181.41,317.41,300.18,1,-1,-1,-1
138,9,794.81,125.07,840.96,366.18,1,-1,-1,-1
138,10,572.95,142.37,540.61,182.45,1,-1,-1,-1
138,19,934.15,163.81,943.79,369.71,1,-1,-1,-1
138,29,418.17,191.81,480.20,261.78,1,-1,-1,-1
138,35,298.78,185.63,404.73,294.12,1,-1,-1,-1
138,40,1102.87,162.17,1145.57,346.89,1,-1,-1,-1
138,52,1047.34,196.14,819.55,234.90,1,-1,-1,-1
139,7,243.34,181.55,317.79,300.67,1,-1,-1,-1
139,9,795.45,126.09,849.50,367.61,1,-1,-1,-1
139,10,571.99,142.17,545.98,183.19,1,-1,-1,-1
139,19,951.90,165.05,951.03,369.23,1,-1,-1,-1
139,29,414.59,191.27,482.09,263.02,1,-1,-1,-1
139,35,298.15,187.23,404.49,293.95,1,-1,-1,-1
139,40,1130.05,161.05,1143.97,344.67,1,-1,-1,-1
140,7,242.98,179.22,318.27,301.13,1,-1,-1,-1
140,9,813.08,121.96,856.25,367.75,1,-1,-1,-1
140,10,572.26,142.03,548.82,183.13,1,-1,-1,-1
140,19,972.90,163.54,957.18,367.56,1,-1,-1,-1
140,29,412.87,191.43,482.68,263.54,1,-1,-1,-1
140,35,299.32,185.87,404.52,293.97,1,-1,-1,-1
140,40,1148.44,159.49,1162.04,348.69,1,-1,-1,-1
141,7,242.61,169.15,317.82,300.70,1,-1,-1,-1
141,9,848.21,116.18,861.28,366.68,1,-1,-1,-1
141,10,571.55,141.54,549.84,182.57,1,-1,-1,-1
141,19,1003.92,160.09,970.04,368.11,1,-1,-1,-1
141,29,416.93,191.59,480.58,262.32,1,-1,-1,-1
141,35,300.06,184.91,403.93,293.53,1,-1,-1,-1
141,40,1172.13,161.72,1156.17,344.34,1,-1,-1,-1
142,7,242.44,172.65,317.10,300.04,1,-1,-1,-1
142,9,879.63,112.78,873.41,368.58,1,-1,-1,-1
142,10,569.47,141.40,553.61,183.14,1,-1,-1,-1
142,19,1042.85,157.43,983.16,368.15,1,-1,-1,-1
142,29,414.80,191.98,480.81,262.50,1,-1,-1,-1
142,35,297.82,185.57,404.20,293.71,1,-1,-1,-1
142,40,1173.50,165.95,1170.63,347.00,1,-1,-1,-1
143,7,247.65,181.83,316.21,298.90,1,-1,-1,-1
143,9,904.48,112.90,881.16,367.90,1,-1,-1,-1
143,10,568.74,141.30,554.68,182.78,1,-1,-1,-1
143,19,1066.42,159.58,992.97,366.18,1,-1,-1,-1
143,29,417.48,191.52,480.33,262.21,1,-1,-1,-1
143,35,300.71,185.21,403.75,293.42,1,-1,-1,-1
143,40,1189.50,166.63,1178.67,349.38,1,-1,-1,-1
144,7,251.19,191.96,317.97,300.53,1,-1,-1,-1
144,9,929.80,115.05,892.04,367.70,1,-1,-1,-1
144,10,568.40,141.28,555.35,182.32,1,-1,-1,-1
144,19,1087.15,163.18,1007.62,366.33,1,-1,-1,-1
144,29,419.24,191.72,479.19,261.45,1,-1,-1,-1
144,35,301.35,186.07,403.90,293.47,1,-1,-1,-1
145,7,252.55,196.65,318.47,300.84,1,-1,-1,-1
145,9,960.41,111.75,901.16,366.21,1,-1,-1,-1
145,10,567.19,141.76,557.63,182.55,1,-1,-1,-1
145,19,1137.40,162.27,1029.42,368.14,1,-1,-1,-1
145,29,414.92,192.04,481.21,262.71,1,-1,-1,-1
145,35,301.39,185.61,404.03,293.53,1,-1,-1,-1
