3,1,1716.50,364.89,128.96,388.88,1,-1,-1,-1
4,1,1716.50,364.89,128.96,388.88,1,-1,-1,-1
5,1,1716.50,364.89,128.96,388.88,1,-1,-1,-1
6,1,1721.07,382.17,122.76,370.19,1,-1,-1,-1
7,1,1718.09,370.90,126.80,382.38,1,-1,-1,-1
8,1,1717.07,367.05,128.18,386.55,1,-1,-1,-1
9,1,1704.52,381.98,122.82,370.39,1,-1,-1,-1
9,2,275.72,445.63,86.32,261.00,1,-1,-1,-1
10,1,1699.82,387.56,120.82,364.35,1,-1,-1,-1
10,2,275.41,446.71,84.94,256.82,1,-1,-1,-1
11,1,1692.71,390.73,126.04,380.11,1,-1,-1,-1
11,2,275.20,447.45,83.99,253.94,1,-1,-1,-1
12,1,1696.73,373.41,134.09,404.36,1,-1,-1,-1
13,1,1698.32,366.82,137.12,413.49,1,-1,-1,-1
14,1,1699.05,364.22,138.27,416.95,1,-1,-1,-1
15,1,1692.96,364.38,132.59,399.80,1,-1,-1,-1
16,1,1690.68,364.49,130.32,392.96,1,-1,-1,-1
17,1,1679.16,380.64,123.69,373.00,1,-1,-1,-1
18,1,1674.94,386.74,121.19,365.47,1,-1,-1,-1
19,1,1672.27,371.46,132.40,399.26,1,-1,-1,-1
19,5,1807.48,441.49,62.98,191.06,1,-1,-1,-1
20,1,1671.32,366.02,136.40,411.30,1,-1,-1,-1
20,5,1816.66,438.43,60.86,184.61,1,-1,-1,-1
21,1,1671.09,363.87,137.96,415.99,1,-1,-1,-1
21,5,1810.58,441.38,63.20,191.70,1,-1,-1,-1
22,1,1671.12,363.06,138.53,417.69,1,-1,-1,-1
22,5,1817.28,438.62,60.93,184.82,1,-1,-1,-1
23,1,1671.23,362.79,138.71,418.22,1,-1,-1,-1
23,5,1819.69,437.63,60.05,182.15,1,-1,-1,-1
23,6,1.00,212.12,210.12,632.36,1,-1,-1,-1
24,1,1671.35,362.72,138.74,418.30,1,-1,-1,-1
24,5,1820.44,437.32,59.73,181.20,1,-1,-1,-1
24,6,31.05,231.40,199.36,599.99,1,-1,-1,-1
24,7,1324.20,460.65,68.64,207.93,1,-1,-1,-1
25,1,1671.48,362.73,138.72,418.23,1,-1,-1,-1
25,2,314.28,463.75,73.70,222.89,1,-1,-1,-1
25,5,1822.22,436.61,59.62,180.84,1,-1,-1,-1
25,6,41.51,238.11,195.62,588.72,1,-1,-1,-1
25,7,1324.20,460.65,68.64,207.93,1,-1,-1,-1
26,1,1671.59,362.76,138.68,418.11,1,-1,-1,-1
26,2,323.70,452.41,81.10,245.24,1,-1,-1,-1
26,7,1324.20,460.65,68.64,207.93,1,-1,-1,-1
27,1,1653.34,362.80,138.64,417.98,1,-1,-1,-1
27,2,326.83,452.24,81.17,245.47,1,-1,-1,-1
27,7,1324.20,460.65,68.64,207.93,1,-1,-1,-1
28,1,1645.51,360.29,145.16,437.61,1,-1,-1,-1
28,6,47.60,228.81,223.20,671.73,1,-1,-1,-1
28,7,1324.20,460.65,68.64,207.93,1,-1,-1,-1
29,1,1642.65,359.36,147.58,444.90,1,-1,-1,-1
29,6,53.91,230.70,225.81,679.59,1,-1,-1,-1
30,1,1642.64,361.55,142.01,428.10,1,-1,-1,-1
30,8,1313.00,545.00,39.00,119.00,1,-1,-1,-1
31,1,1641.86,340.05,146.37,441.23,1,-1,-1,-1
31,8,1313.00,545.00,39.00,119.00,1,-1,-1,-1
32,1,1641.63,332.19,147.95,445.99,1,-1,-1,-1
32,8,1313.00,545.00,39.00,119.00,1,-1,-1,-1
33,1,1641.66,329.26,148.53,447.71,1,-1,-1,-1
34,1,1641.77,328.26,148.71,448.24,1,-1,-1,-1
34,9,1792.88,290.84,156.61,471.91,1,-1,-1,-1
35,1,1642.88,350.14,142.20,428.64,1,-1,-1,-1
35,9,1793.04,287.18,159.24,479.85,1,-1,-1,-1
36,1,1643.42,358.72,139.65,420.93,1,-1,-1,-1
36,9,1793.08,286.53,159.91,481.87,1,-1,-1,-1
37,1,1641.85,359.33,139.52,420.55,1,-1,-1,-1
37,9,1793.08,286.69,159.98,482.06,1,-1,-1,-1
38,9,1793.07,287.00,159.88,481.76,1,-1,-1,-1
39,9,1793.06,287.31,159.76,481.38,1,-1,-1,-1
40,1,1638.33,387.58,130.13,392.26,1,-1,-1,-1
40,9,1787.24,278.33,167.40,504.39,1,-1,-1,-1
41,1,1620.20,368.49,142.66,430.02,1,-1,-1,-1
41,8,1320.89,545.00,39.00,119.00,1,-1,-1,-1
41,9,1786.42,274.64,169.66,511.22,1,-1,-1,-1
42,1,1630.85,383.22,134.01,403.95,1,-1,-1,-1
42,8,1321.56,545.00,39.00,119.00,1,-1,-1,-1
42,9,1791.38,285.03,161.82,487.58,1,-1,-1,-1
43,1,1635.41,389.11,130.47,393.31,1,-1,-1,-1
43,7,1338.08,460.65,68.64,207.93,1,-1,-1,-1
43,9,1792.05,294.48,152.79,460.38,1,-1,-1,-1
44,1,1620.20,369.91,142.16,428.51,1,-1,-1,-1
44,7,1338.41,460.65,68.64,207.93,1,-1,-1,-1
44,9,1792.28,297.79,149.65,450.92,1,-1,-1,-1
45,1,1634.93,365.57,139.90,421.72,1,-1,-1,-1
45,7,1339.16,460.65,68.64,207.93,1,-1,-1,-1
45,9,1786.97,282.59,163.52,492.67,1,-1,-1,-1
46,1,1641.03,363.82,138.95,418.86,1,-1,-1,-1
46,9,1790.63,286.01,161.05,485.24,1,-1,-1,-1
47,1,1622.67,360.62,145.17,437.59,1,-1,-1,-1
47,6,336.79,254.47,210.85,634.56,1,-1,-1,-1
47,9,1786.46,278.48,167.55,504.82,1,-1,-1,-1
48,1,1615.87,359.44,147.47,444.51,1,-1,-1,-1
48,6,341.96,222.84,210.17,632.50,1,-1,-1,-1
48,9,1784.92,275.72,169.95,512.03,1,-1,-1,-1
49,1,1613.30,359.02,148.33,447.10,1,-1,-1,-1
49,6,382.56,232.11,200.32,602.90,1,-1,-1,-1
49,9,1784.34,274.73,170.83,514.64,1,-1,-1,-1
50,1,1612.42,358.90,148.63,447.98,1,-1,-1,-1
50,6,400.31,231.64,198.43,597.20,1,-1,-1,-1
50,9,1783.63,272.68,172.36,519.27,1,-1,-1,-1
51,1,1604.13,333.79,155.70,469.27,1,-1,-1,-1
52,1,1601.06,324.38,158.34,477.21,1,-1,-1,-1
52,9,1784.06,274.26,171.25,515.91,1,-1,-1,-1
53,1,1588.55,345.64,152.40,459.29,1,-1,-1,-1
53,9,1771.17,262.88,179.44,540.54,1,-1,-1,-1
54,1,1583.81,354.20,149.98,451.98,1,-1,-1,-1
54,9,1766.82,259.03,182.22,548.88,1,-1,-1,-1
55,1,1572.66,353.27,156.11,470.46,1,-1,-1,-1
55,9,1765.20,257.63,183.23,551.91,1,-1,-1,-1
56,1,1577.95,357.01,151.44,456.38,1,-1,-1,-1
56,2,378.40,446.86,84.73,256.22,1,-1,-1,-1
56,9,1754.65,268.33,175.54,528.75,1,-1,-1,-1
57,1,1580.31,358.51,149.53,450.63,1,-1,-1,-1
57,2,378.82,446.80,84.77,256.34,1,-1,-1,-1
57,9,1750.67,272.62,172.46,519.45,1,-1,-1,-1
58,1,1561.56,359.07,148.80,448.42,1,-1,-1,-1
58,2,376.99,438.44,93.25,281.91,1,-1,-1,-1
58,9,1749.29,274.24,171.29,515.93,1,-1,-1,-1
59,1,1564.88,355.11,155.59,468.86,1,-1,-1,-1
59,2,389.21,443.42,88.21,266.68,1,-1,-1,-1
59,9,1748.89,274.87,170.84,514.57,1,-1,-1,-1
60,1,1550.23,325.49,165.53,498.80,1,-1,-1,-1
60,2,394.17,445.58,86.02,260.08,1,-1,-1,-1
60,9,1748.84,275.12,170.66,514.03,1,-1,-1,-1
61,1,1550.57,345.91,155.17,467.56,1,-1,-1,-1
61,2,395.90,446.39,85.21,257.61,1,-1,-1,-1
61,9,1734.69,263.92,178.71,538.26,1,-1,-1,-1
62,1,1551.10,354.50,150.79,454.39,1,-1,-1,-1
62,2,396.43,446.69,84.90,256.69,1,-1,-1,-1
62,6,592.18,237.25,195.77,589.23,1,-1,-1,-1
62,9,1743.44,270.85,173.73,523.25,1,-1,-1,-1
63,1,1545.33,324.55,163.93,493.96,1,-1,-1,-1
63,2,396.53,446.81,84.79,256.35,1,-1,-1,-1
63,6,620.18,251.50,186.90,562.56,1,-1,-1,-1
63,9,1732.83,262.34,179.85,541.68,1,-1,-1,-1
64,1,1549.12,345.59,154.49,465.50,1,-1,-1,-1
64,2,403.10,443.68,88.81,268.51,1,-1,-1,-1
64,6,629.71,256.61,183.73,553.05,1,-1,-1,-1
64,9,1728.98,259.22,182.10,548.43,1,-1,-1,-1
65,1,1551.00,354.47,150.49,453.47,1,-1,-1,-1
65,2,410.17,445.63,86.32,260.97,1,-1,-1,-1
65,6,646.27,258.59,182.19,548.41,1,-1,-1,-1
65,9,1727.62,258.07,182.93,550.91,1,-1,-1,-1
66,1,1540.73,353.56,156.15,470.50,1,-1,-1,-1
66,2,412.80,446.42,85.31,257.92,1,-1,-1,-1
66,9,1731.10,243.98,191.82,577.66,1,-1,-1,-1
66,12,1520.60,128.73,231.36,696.43,1,-1,-1,-1
67,1,1537.04,353.22,158.20,476.69,1,-1,-1,-1
67,2,408.87,443.54,89.00,269.07,1,-1,-1,-1
67,9,1728.65,252.20,186.67,562.14,1,-1,-1,-1
67,12,1497.32,83.81,245.98,740.45,1,-1,-1,-1
68,1,1535.76,353.09,158.97,479.00,1,-1,-1,-1
68,2,412.06,445.59,86.37,261.13,1,-1,-1,-1
68,9,1727.82,255.64,184.51,555.63,1,-1,-1,-1
69,1,1546.31,357.16,152.23,458.68,1,-1,-1,-1
69,2,413.18,446.41,85.32,257.95,1,-1,-1,-1
69,9,1731.50,243.17,192.34,579.19,1,-1,-1,-1
70,1,1544.41,357.62,152.19,458.57,1,-1,-1,-1
70,2,413.51,446.72,84.92,256.76,1,-1,-1,-1
70,9,1732.90,238.57,195.23,587.87,1,-1,-1,-1
71,2,420.97,443.67,88.84,268.57,1,-1,-1,-1
71,9,1729.65,250.50,187.73,565.30,1,-1,-1,-1
71,12,1488.40,121.17,230.50,693.82,1,-1,-1,-1
72,1,1514.74,346.17,167.65,505.12,1,-1,-1,-1
72,2,423.69,442.55,90.29,272.94,1,-1,-1,-1
72,6,737.15,258.85,182.39,549.06,1,-1,-1,-1
72,9,1706.20,241.39,193.45,582.50,1,-1,-1,-1
72,12,1461.42,105.16,253.10,761.82,1,-1,-1,-1
73,1,1510.15,344.45,170.01,512.20,1,-1,-1,-1
73,2,418.73,437.07,95.11,287.51,1,-1,-1,-1
73,6,751.66,259.73,181.75,547.13,1,-1,-1,-1
73,9,1697.65,238.08,195.53,588.75,1,-1,-1,-1
73,12,1453.51,99.73,259.27,780.35,1,-1,-1,-1
74,1,1508.55,343.82,170.85,514.72,1,-1,-1,-1
74,2,416.79,435.00,96.94,293.00,1,-1,-1,-1
74,6,753.04,242.27,192.85,580.53,1,-1,-1,-1
74,9,1694.50,236.88,196.28,591.00,1,-1,-1,-1
74,12,1451.05,98.31,261.36,786.59,1,-1,-1,-1
75,1,1508.09,343.62,171.12,515.52,1,-1,-1,-1
75,2,415.95,434.22,97.62,295.05,1,-1,-1,-1
75,6,766.26,241.33,193.36,582.09,1,-1,-1,-1
75,9,1693.46,236.50,196.52,591.70,1,-1,-1,-1
75,12,1450.70,98.41,261.86,788.04,1,-1,-1,-1
76,1,1508.07,343.57,171.17,515.65,1,-1,-1,-1
76,2,415.56,433.96,97.85,295.72,1,-1,-1,-1
76,9,1693.22,236.44,196.56,591.81,1,-1,-1,-1
76,12,1440.29,87.46,267.53,805.12,1,-1,-1,-1
77,1,1508.20,343.58,171.14,515.55,1,-1,-1,-1
77,2,425.16,430.86,89.64,270.91,1,-1,-1,-1
77,9,1693.27,236.48,196.53,591.72,1,-1,-1,-1
78,1,1508.38,343.61,171.08,515.36,1,-1,-1,-1
78,2,424.81,438.11,90.49,273.48,1,-1,-1,-1
78,9,1693.42,236.56,196.49,591.56,1,-1,-1,-1
78,12,1450.57,98.51,262.09,788.68,1,-1,-1,-1
79,1,1508.56,321.12,171.02,515.17,1,-1,-1,-1
79,2,424.66,428.51,90.79,274.39,1,-1,-1,-1
79,9,1693.59,236.65,196.43,591.39,1,-1,-1,-1
79,12,1452.53,100.61,261.05,785.53,1,-1,-1,-1
80,1,1508.74,335.16,170.96,514.98,1,-1,-1,-1
80,2,428.48,428.87,86.86,262.52,1,-1,-1,-1
80,9,1693.76,236.73,196.38,591.23,1,-1,-1,-1
80,12,1453.16,101.30,260.72,784.50,1,-1,-1,-1
81,1,1483.37,308.40,178.98,539.11,1,-1,-1,-1
81,2,433.03,432.21,93.88,283.71,1,-1,-1,-1
81,9,1693.91,236.80,196.33,591.08,1,-1,-1,-1
81,12,1453.61,101.78,260.49,783.77,1,-1,-1,-1
82,1,1473.93,298.43,181.96,548.08,1,-1,-1,-1
82,2,442.68,430.39,88.19,266.55,1,-1,-1,-1
82,9,1694.05,236.87,196.29,590.95,1,-1,-1,-1
82,12,1453.98,102.18,260.29,783.15,1,-1,-1,-1
83,1,1470.43,294.68,183.07,551.39,1,-1,-1,-1
83,2,446.43,429.70,85.84,259.46,1,-1,-1,-1
83,9,1694.17,236.93,196.26,590.83,1,-1,-1,-1
83,12,1449.78,97.78,262.60,790.08,1,-1,-1,-1
84,1,1472.20,302.94,175.43,528.37,1,-1,-1,-1
84,2,447.69,429.47,84.99,256.90,1,-1,-1,-1
84,9,1694.28,236.98,196.22,590.73,1,-1,-1,-1
85,1,1473.16,329.22,172.37,519.16,1,-1,-1,-1
85,2,448.05,429.42,84.69,256.00,1,-1,-1,-1
85,6,926.14,274.10,171.37,515.92,1,-1,-1,-1
85,9,1694.38,237.03,196.19,590.64,1,-1,-1,-1
86,1,1462.32,294.36,188.11,566.54,1,-1,-1,-1
86,2,448.08,429.42,84.60,255.72,1,-1,-1,-1
86,6,925.68,263.07,179.37,540.04,1,-1,-1,-1
86,9,1681.49,230.40,215.45,648.57,1,-1,-1,-1
87,1,1458.39,306.90,193.82,583.71,1,-1,-1,-1
87,2,448.00,429.44,84.58,255.67,1,-1,-1,-1
87,6,926.41,260.09,181.54,546.57,1,-1,-1,-1
87,9,1686.03,218.33,212.91,640.93,1,-1,-1,-1
88,1,1441.47,322.20,187.54,564.80,1,-1,-1,-1
88,2,447.88,429.47,84.58,255.69,1,-1,-1,-1
88,6,938.31,260.20,181.52,546.50,1,-1,-1,-1
88,9,1688.03,213.47,211.73,637.35,1,-1,-1,-1
88,12,1454.11,141.33,243.87,733.74,1,-1,-1,-1
89,1,1435.01,328.40,184.92,556.87,1,-1,-1,-1
89,2,447.77,429.50,84.60,255.74,1,-1,-1,-1
89,6,958.89,272.11,172.90,520.58,1,-1,-1,-1
89,9,1688.86,211.71,211.21,635.77,1,-1,-1,-1
89,12,1452.08,142.52,243.59,732.89,1,-1,-1,-1
90,1,1432.79,330.73,183.88,553.74,1,-1,-1,-1
90,2,459.04,429.52,84.61,255.79,1,-1,-1,-1
90,6,964.51,274.82,170.94,514.70,1,-1,-1,-1
90,9,1679.65,221.07,220.88,664.84,1,-1,-1,-1
91,1,1432.16,331.60,183.45,552.45,1,-1,-1,-1
91,2,460.88,425.57,88.68,268.08,1,-1,-1,-1
91,6,966.26,275.72,170.28,512.75,1,-1,-1,-1
91,9,1676.22,224.63,224.47,675.64,1,-1,-1,-1
92,1,1432.11,331.92,183.26,551.86,1,-1,-1,-1
92,2,461.51,424.12,90.19,272.64,1,-1,-1,-1
92,6,989.45,275.99,170.08,512.15,1,-1,-1,-1
92,9,1656.97,216.24,215.99,650.09,1,-1,-1,-1
93,1,1422.20,321.68,191.84,577.67,1,-1,-1,-1
93,2,461.65,423.58,90.77,274.38,1,-1,-1,-1
93,6,995.88,285.13,162.40,489.06,1,-1,-1,-1
93,9,1637.95,223.04,222.55,669.82,1,-1,-1,-1
94,1,1410.72,335.87,178.55,537.68,1,-1,-1,-1
94,2,463.91,427.33,86.98,262.92,1,-1,-1,-1
94,6,999.40,279.25,167.33,503.91,1,-1,-1,-1
94,9,1631.04,225.56,224.94,676.99,1,-1,-1,-1
95,1,1400.17,333.42,181.39,546.22,1,-1,-1,-1
95,2,464.67,428.82,85.49,258.42,1,-1,-1,-1
95,6,1014.00,293.14,154.46,465.18,1,-1,-1,-1
95,9,1628.58,226.56,225.79,679.54,1,-1,-1,-1
96,1,1396.50,332.53,182.40,549.26,1,-1,-1,-1
96,2,471.41,419.35,93.38,282.26,1,-1,-1,-1
96,6,1025.05,295.95,152.09,458.04,1,-1,-1,-1
96,9,1627.84,226.96,226.05,680.30,1,-1,-1,-1
96,18,335.03,435.83,95.93,290.04,1,-1,-1,-1
97,1,1395.35,332.18,182.78,550.38,1,-1,-1,-1
97,2,473.83,415.93,96.23,290.86,1,-1,-1,-1
97,6,1027.17,290.92,157.21,473.47,1,-1,-1,-1
97,9,1627.76,227.12,226.08,680.38,1,-1,-1,-1
97,18,337.19,429.45,99.03,299.43,1,-1,-1,-1
98,1,1383.34,321.70,191.58,576.88,1,-1,-1,-1
98,2,477.96,420.47,93.11,281.43,1,-1,-1,-1
98,6,1043.12,297.38,150.74,454.02,1,-1,-1,-1
98,9,1627.90,227.18,226.03,680.23,1,-1,-1,-1
99,1,1378.97,317.78,194.86,586.73,1,-1,-1,-1
99,2,479.46,422.34,91.82,277.53,1,-1,-1,-1
99,6,1057.71,304.98,141.68,426.78,1,-1,-1,-1
99,9,1628.12,227.21,225.96,680.00,1,-1,-1,-1
99,18,343.73,459.51,86.70,262.13,1,-1,-1,-1
100,1,1377.52,316.30,196.09,590.42,1,-1,-1,-1
100,2,479.92,423.07,91.32,276.01,1,-1,-1,-1
100,6,1060.70,294.94,152.70,459.96,1,-1,-1,-1
100,9,1609.53,206.00,236.55,711.83,1,-1,-1,-1
100,18,346.33,461.61,86.13,260.41,1,-1,-1,-1
101,1,1377.19,315.77,196.51,591.66,1,-1,-1,-1
101,2,480.01,423.36,91.12,275.41,1,-1,-1,-1
101,6,1074.12,298.43,149.46,450.24,1,-1,-1,-1
101,9,1602.65,198.07,240.48,723.66,1,-1,-1,-1
101,12,1339.79,58.43,276.83,832.81,1,-1,-1,-1
101,18,337.78,438.57,95.70,289.34,1,-1,-1,-1
102,1,1377.27,315.62,196.61,591.97,1,-1,-1,-1
102,2,476.60,417.50,95.37,288.22,1,-1,-1,-1
102,6,1086.45,304.99,141.59,426.54,1,-1,-1,-1
102,9,1589.30,216.03,231.41,696.35,1,-1,-1,-1
102,12,1332.17,53.38,278.88,838.96,1,-1,-1,-1
102,18,342.18,443.44,88.70,268.17,1,-1,-1,-1
102,19,905.00,513.00,39.00,119.00,1,-1,-1,-1
103,1,1351.63,315.60,196.60,591.93,1,-1,-1,-1
103,2,475.29,415.33,96.94,292.97,1,-1,-1,-1
103,6,1097.17,307.18,139.45,420.12,1,-1,-1,-1
103,9,1584.36,223.22,227.73,685.26,1,-1,-1,-1
103,18,343.80,445.46,85.94,259.84,1,-1,-1,-1
103,19,905.00,513.00,39.00,119.00,1,-1,-1,-1
104,1,1355.57,325.93,187.92,565.78,1,-1,-1,-1
104,2,474.72,414.52,97.54,294.74,1,-1,-1,-1
104,9,1566.57,179.27,248.58,747.99,1,-1,-1,-1
104,18,344.32,446.21,84.98,256.93,1,-1,-1,-1
104,19,905.00,513.00,39.00,119.00,1,-1,-1,-1
105,1,1343.66,319.46,193.32,582.05,1,-1,-1,-1
105,2,474.45,414.25,97.74,295.33,1,-1,-1,-1
105,9,1560.12,163.30,256.17,770.78,1,-1,-1,-1
105,18,344.46,446.50,84.65,255.94,1,-1,-1,-1
105,19,905.00,513.00,39.00,119.00,1,-1,-1,-1
106,1,1339.45,317.12,195.28,587.93,1,-1,-1,-1
106,2,477.64,420.13,93.49,282.51,1,-1,-1,-1
106,9,1553.07,181.61,247.90,745.90,1,-1,-1,-1
106,18,344.47,446.63,84.55,255.65,1,-1,-1,-1
106,19,905.00,513.00,39.00,119.00,1,-1,-1,-1
107,1,1345.78,303.38,205.25,617.93,1,-1,-1,-1
107,2,478.82,422.44,91.82,277.46,1,-1,-1,-1
107,9,1550.68,189.23,244.43,735.43,1,-1,-1,-1
107,18,344.43,446.69,84.54,255.60,1,-1,-1,-1
107,19,905.00,513.00,39.00,119.00,1,-1,-1,-1
108,1,1340.72,310.88,199.89,601.79,1,-1,-1,-1
108,2,479.22,423.30,91.20,275.59,1,-1,-1,-1
108,9,1550.02,192.21,243.05,731.27,1,-1,-1,-1
108,18,345.20,446.44,84.15,254.42,1,-1,-1,-1
108,19,905.00,513.00,39.00,119.00,1,-1,-1,-1
109,1,1318.84,301.03,206.97,623.09,1,-1,-1,-1
109,2,479.33,423.62,90.97,274.89,1,-1,-1,-1
109,9,1550.01,193.42,242.48,729.54,1,-1,-1,-1
109,18,349.33,442.96,89.37,270.18,1,-1,-1,-1
109,19,905.00,513.00,39.00,119.00,1,-1,-1,-1
110,1,1330.62,310.14,200.43,603.37,1,-1,-1,-1
110,2,479.33,423.73,90.89,274.65,1,-1,-1,-1
110,6,1165.61,300.34,147.52,444.45,1,-1,-1,-1
110,9,1550.22,193.94,242.21,728.73,1,-1,-1,-1
110,18,350.50,442.33,89.64,271.01,1,-1,-1,-1
111,1,1315.40,300.83,207.11,623.46,1,-1,-1,-1
111,2,479.29,423.77,90.86,274.57,1,-1,-1,-1
111,6,1168.93,299.95,147.97,445.81,1,-1,-1,-1
111,9,1550.51,194.20,242.07,728.30,1,-1,-1,-1
111,18,354.75,435.97,95.77,289.51,1,-1,-1,-1
112,1,1304.08,284.55,200.38,603.20,1,-1,-1,-1
112,2,475.88,417.78,95.20,287.66,1,-1,-1,-1
112,6,1190.32,308.54,135.51,408.32,1,-1,-1,-1
112,9,1541.94,215.63,231.29,695.88,1,-1,-1,-1
112,18,356.24,434.74,96.66,292.19,1,-1,-1,-1
113,1,1299.98,304.45,197.66,595.02,1,-1,-1,-1
113,2,474.60,415.55,96.81,292.51,1,-1,-1,-1
113,6,1197.98,311.85,130.67,393.78,1,-1,-1,-1
113,9,1538.89,223.89,227.12,683.33,1,-1,-1,-1
114,1,1276.51,298.95,205.99,620.07,1,-1,-1,-1
114,2,474.09,414.71,97.42,294.35,1,-1,-1,-1
114,6,1208.34,313.19,128.93,388.53,1,-1,-1,-1
114,9,1537.94,226.86,225.61,678.80,1,-1,-1,-1
114,18,356.20,434.02,97.59,294.98,1,-1,-1,-1
114,21,1442.66,108.21,302.33,908.88,1,-1,-1,-1
115,1,1268.26,281.29,218.88,658.86,1,-1,-1,-1
115,2,473.89,414.42,97.64,295.00,1,-1,-1,-1
115,9,1514.34,206.34,235.90,709.74,1,-1,-1,-1
115,18,357.42,432.95,98.40,297.43,1,-1,-1,-1
115,21,1430.12,126.07,295.44,888.16,1,-1,-1,-1
116,1,1265.02,289.99,214.10,644.47,1,-1,-1,-1
116,2,468.39,406.11,102.31,309.10,1,-1,-1,-1
116,9,1505.76,198.77,239.69,721.14,1,-1,-1,-1
117,1,1264.20,293.66,212.04,638.25,1,-1,-1,-1
117,2,466.32,403.01,104.06,314.35,1,-1,-1,-1
117,9,1502.72,195.87,241.14,725.50,1,-1,-1,-1
117,18,356.27,433.80,97.84,295.71,1,-1,-1,-1
118,1,1236.37,295.12,211.20,635.72,1,-1,-1,-1
118,2,465.54,401.86,104.71,316.30,1,-1,-1,-1
118,9,1501.81,194.81,241.67,727.07,1,-1,-1,-1
118,18,356.10,433.93,97.76,295.45,1,-1,-1,-1
118,21,1439.74,73.59,339.48,1020.57,1,-1,-1,-1
119,1,1226.12,295.72,210.84,634.62,1,-1,-1,-1
119,2,465.26,401.47,104.92,316.93,1,-1,-1,-1
119,9,1501.71,194.46,241.83,727.57,1,-1,-1,-1
119,18,356.03,433.97,97.74,295.36,1,-1,-1,-1
119,21,1439.63,70.41,342.76,1030.42,1,-1,-1,-1
120,1,1222.58,295.98,210.67,634.09,1,-1,-1,-1
120,2,465.18,401.39,104.97,317.06,1,-1,-1,-1
120,9,1501.88,194.38,241.87,727.67,1,-1,-1,-1
120,18,359.61,453.54,89.37,270.09,1,-1,-1,-1
120,21,1439.77,69.27,343.78,1033.46,1,-1,-1,-1
121,1,1219.89,280.27,220.53,663.75,1,-1,-1,-1
121,2,465.17,401.41,104.96,317.01,1,-1,-1,-1
121,9,1497.35,193.21,242.55,729.71,1,-1,-1,-1
121,18,357.18,440.93,94.74,286.30,1,-1,-1,-1
121,21,1445.31,97.36,301.28,905.72,1,-1,-1,-1
122,1,1219.05,274.42,224.20,674.76,1,-1,-1,-1
122,2,465.19,401.47,104.93,316.90,1,-1,-1,-1
122,18,352.83,453.64,92.31,278.95,1,-1,-1,-1
122,21,1452.64,139.72,271.18,815.27,1,-1,-1,-1
123,1,1189.58,272.23,225.56,678.84,1,-1,-1,-1
123,2,465.21,401.53,104.89,316.78,1,-1,-1,-1
123,18,352.87,454.97,92.23,278.71,1,-1,-1,-1
123,21,1450.30,122.61,274.13,824.16,1,-1,-1,-1
124,1,1178.49,271.50,226.01,680.18,1,-1,-1,-1
124,2,457.42,405.65,109.81,331.61,1,-1,-1,-1
124,18,339.56,439.09,96.31,291.02,1,-1,-1,-1
124,21,1454.30,147.24,262.47,789.13,1,-1,-1,-1
125,1,1174.59,271.32,226.11,680.48,1,-1,-1,-1
125,2,454.51,407.21,111.64,337.12,1,-1,-1,-1
125,18,338.13,438.53,96.68,292.16,1,-1,-1,-1
125,19,905.00,513.00,39.00,119.00,1,-1,-1,-1
125,21,1455.82,156.09,258.42,776.98,1,-1,-1,-1
126,1,1165.28,252.31,236.71,712.35,1,-1,-1,-1
126,2,453.42,407.83,112.32,339.14,1,-1,-1,-1
126,18,336.07,435.16,97.37,294.21,1,-1,-1,-1
126,19,905.00,513.00,39.00,119.00,1,-1,-1,-1
126,21,1456.37,158.95,257.19,773.29,1,-1,-1,-1
127,1,1161.97,245.22,240.66,724.21,1,-1,-1,-1
127,2,453.05,408.09,112.54,339.80,1,-1,-1,-1
127,18,337.43,426.87,102.29,309.05,1,-1,-1,-1
127,19,905.00,513.00,39.00,119.00,1,-1,-1,-1
127,21,1456.56,159.70,256.94,772.57,1,-1,-1,-1
128,1,1169.13,261.42,231.60,696.95,1,-1,-1,-1
128,2,442.49,395.58,117.87,355.86,1,-1,-1,-1
128,18,336.01,431.15,99.48,300.55,1,-1,-1,-1
128,21,1456.63,159.72,257.02,772.84,1,-1,-1,-1
129,1,1164.13,248.78,238.64,718.11,1,-1,-1,-1
129,2,448.84,388.72,114.66,346.17,1,-1,-1,-1
129,18,335.51,432.92,98.32,297.05,1,-1,-1,-1
129,19,905.00,513.00,39.00,119.00,1,-1,-1,-1
129,21,1451.95,129.58,269.72,811.04,1,-1,-1,-1
130,1,1149.17,255.51,252.49,759.76,1,-1,-1,-1
130,2,451.49,400.97,113.31,342.06,1,-1,-1,-1
130,18,337.31,426.27,102.52,309.71,1,-1,-1,-1
130,19,905.00,513.00,39.00,119.00,1,-1,-1,-1
130,21,1450.25,118.50,274.42,825.16,1,-1,-1,-1
131,1,1135.70,265.58,236.23,710.82,1,-1,-1,-1
131,2,452.53,390.72,112.77,340.41,1,-1,-1,-1
131,18,336.09,431.04,99.51,300.62,1,-1,-1,-1
131,19,905.00,513.00,39.00,119.00,1,-1,-1,-1
131,21,1412.95,150.89,276.28,830.76,1,-1,-1,-1
132,1,1130.79,269.86,229.36,690.16,1,-1,-1,-1
132,2,446.88,397.74,107.57,324.73,1,-1,-1,-1
132,18,335.66,432.99,98.28,296.90,1,-1,-1,-1
132,19,905.00,513.00,39.00,119.00,1,-1,-1,-1
132,21,1398.79,163.25,277.01,832.98,1,-1,-1,-1
133,1,1129.26,271.46,226.80,682.45,1,-1,-1,-1
133,2,444.76,400.50,105.55,318.63,1,-1,-1,-1
133,18,335.52,433.75,97.81,295.48,1,-1,-1,-1
133,19,905.00,513.00,39.00,119.00,1,-1,-1,-1
133,21,1393.61,167.81,277.30,833.86,1,-1,-1,-1
134,1,1102.59,264.35,248.16,746.69,1,-1,-1,-1
134,2,444.03,401.53,104.81,316.41,1,-1,-1,-1
134,18,334.78,433.44,97.93,295.82,1,-1,-1,-1
134,19,905.00,513.00,39.00,119.00,1,-1,-1,-1
134,21,1379.01,137.90,290.59,873.81,1,-1,-1,-1
135,1,1092.92,261.77,255.92,770.02,1,-1,-1,-1
135,2,443.81,401.91,104.55,315.62,1,-1,-1,-1
135,18,335.47,434.09,97.60,294.84,1,-1,-1,-1
135,19,905.00,513.00,39.00,119.00,1,-1,-1,-1
135,21,1373.69,126.69,295.54,888.68,1,-1,-1,-1
136,1,1089.47,260.78,258.92,779.01,1,-1,-1,-1
136,2,443.78,402.06,104.46,315.36,1,-1,-1,-1
136,18,335.55,434.20,97.54,294.66,1,-1,-1,-1
136,19,905.00,513.00,39.00,119.00,1,-1,-1,-1
136,21,1352.76,86.21,311.35,936.18,1,-1,-1,-1
137,1,1104.00,249.14,248.70,748.25,1,-1,-1,-1
137,2,443.81,402.11,104.44,315.29,1,-1,-1,-1
137,18,337.54,426.87,102.18,308.65,1,-1,-1,-1
137,19,905.00,513.00,39.00,119.00,1,-1,-1,-1
137,21,1363.81,106.44,303.59,912.86,1,-1,-1,-1
138,1,1090.59,263.90,233.79,703.39,1,-1,-1,-1
138,2,443.86,402.13,104.44,315.30,1,-1,-1,-1
138,18,338.28,424.18,103.89,313.81,1,-1,-1,-1
138,19,905.00,513.00,39.00,119.00,1,-1,-1,-1
138,21,1344.86,109.54,287.19,863.55,1,-1,-1,-1
139,1,1085.88,269.57,228.08,686.23,1,-1,-1,-1
139,2,443.91,402.14,104.45,315.33,1,-1,-1,-1
139,18,339.65,413.42,109.45,330.56,1,-1,-1,-1
139,19,905.00,513.00,39.00,119.00,1,-1,-1,-1
139,21,1322.20,116.21,294.20,884.64,1,-1,-1,-1
140,1,1071.67,252.15,236.89,712.73,1,-1,-1,-1
140,2,443.96,402.14,104.46,315.37,1,-1,-1,-1
140,18,340.17,409.36,111.55,336.88,1,-1,-1,-1
140,19,905.00,513.00,39.00,119.00,1,-1,-1,-1
140,21,1314.18,118.64,296.72,892.21,1,-1,-1,-1
141,1,1066.65,245.84,240.09,722.35,1,-1,-1,-1
141,2,439.52,393.46,114.81,346.59,1,-1,-1,-1
141,18,337.41,424.71,102.92,310.81,1,-1,-1,-1
141,19,905.00,513.00,39.00,119.00,1,-1,-1,-1
141,21,1311.46,119.60,297.65,894.99,1,-1,-1,-1
142,1,1047.05,254.93,252.71,760.30,1,-1,-1,-1
142,2,437.90,390.28,118.61,358.02,1,-1,-1,-1
142,18,324.16,413.45,109.18,329.70,1,-1,-1,-1
142,19,905.00,513.00,39.00,119.00,1,-1,-1,-1
142,21,1288.61,83.54,312.03,938.20,1,-1,-1,-1
143,1,1039.84,224.82,257.45,774.53,1,-1,-1,-1
143,2,437.29,389.05,120.09,362.47,1,-1,-1,-1
143,18,319.42,419.15,106.52,321.66,1,-1,-1,-1
143,19,905.00,513.00,39.00,119.00,1,-1,-1,-1
143,21,1280.23,70.04,317.39,954.31,1,-1,-1,-1
144,1,1013.48,222.75,271.32,816.21,1,-1,-1,-1
144,2,437.09,388.61,120.62,364.06,1,-1,-1,-1
144,18,317.63,421.52,105.41,318.30,1,-1,-1,-1
144,19,905.00,513.00,39.00,119.00,1,-1,-1,-1
144,21,1277.36,64.94,319.39,960.31,1,-1,-1,-1
145,1,1003.62,222.05,276.56,831.95,1,-1,-1,-1
145,2,437.05,388.49,120.78,364.53,1,-1,-1,-1
145,18,317.03,422.44,104.97,316.97,1,-1,-1,-1
145,19,905.00,513.00,39.00,119.00,1,-1,-1,-1
145,21,1276.62,63.17,320.05,962.30,1,-1,-1,-1
146,1,1000.14,221.94,278.49,837.74,1,-1,-1,-1
146,2,437.07,388.48,120.80,364.57,1,-1,-1,-1
146,18,316.87,422.81,104.79,316.43,1,-1,-1,-1
146,19,905.00,513.00,39.00,119.00,1,-1,-1,-1
146,21,1276.67,62.69,320.21,962.75,1,-1,-1,-1
147,1,999.18,222.03,279.11,839.56,1,-1,-1,-1
147,2,437.11,388.51,120.77,364.46,1,-1,-1,-1
147,18,316.87,422.97,104.72,316.19,1,-1,-1,-1
147,19,905.00,513.00,39.00,119.00,1,-1,-1,-1
147,21,1276.99,62.68,320.18,962.65,1,-1,-1,-1
147,22,44.62,291.27,213.49,642.38,1,-1,-1,-1
148,1,962.87,222.19,279.22,839.87,1,-1,-1,-1
148,2,437.15,388.56,120.73,364.31,1,-1,-1,-1
148,18,316.93,423.04,104.68,316.08,1,-1,-1,-1
148,19,905.00,513.00,39.00,119.00,1,-1,-1,-1
148,21,1260.30,99.23,306.04,920.15,1,-1,-1,-1
148,22,47.47,278.24,221.68,667.03,1,-1,-1,-1
149,1,949.27,222.36,279.14,839.62,1,-1,-1,-1
149,2,437.20,388.61,120.68,364.15,1,-1,-1,-1
149,18,317.01,423.08,104.66,316.01,1,-1,-1,-1
149,19,905.00,513.00,39.00,119.00,1,-1,-1,-1
149,21,1254.23,113.50,300.50,903.48,1,-1,-1,-1
149,22,72.59,277.25,202.91,610.57,1,-1,-1,-1
150,1,944.49,222.52,279.01,839.20,1,-1,-1,-1
150,2,437.23,388.65,120.63,363.99,1,-1,-1,-1
150,18,317.17,413.23,109.62,330.98,1,-1,-1,-1
150,19,905.00,513.00,39.00,119.00,1,-1,-1,-1
150,21,1252.27,118.73,298.45,897.33,1,-1,-1,-1
150,22,85.01,260.11,206.96,622.75,1,-1,-1,-1
151,1,943.10,222.67,278.86,838.75,1,-1,-1,-1
151,2,440.79,372.82,126.28,381.03,1,-1,-1,-1
151,18,317.24,409.57,111.47,336.54,1,-1,-1,-1
151,21,1251.81,120.60,297.70,895.08,1,-1,-1,-1
151,22,112.50,270.63,198.35,596.85,1,-1,-1,-1
152,1,909.22,194.10,291.82,877.68,1,-1,-1,-1
152,2,449.01,380.35,117.57,354.74,1,-1,-1,-1
152,18,316.40,408.02,112.28,339.00,1,-1,-1,-1
152,21,1226.65,84.38,311.65,937.01,1,-1,-1,-1
152,22,127.32,269.45,194.11,584.09,1,-1,-1,-1
153,1,896.72,183.43,296.64,892.15,1,-1,-1,-1
153,2,457.87,385.79,119.42,360.31,1,-1,-1,-1
153,21,1217.49,70.96,316.82,952.54,1,-1,-1,-1
154,1,892.33,179.44,298.40,897.42,1,-1,-1,-1
154,2,455.59,385.55,114.75,346.24,1,-1,-1,-1
154,21,1214.28,65.85,318.78,958.42,1,-1,-1,-1
155,1,888.32,206.59,285.95,859.97,1,-1,-1,-1
155,2,460.16,387.73,118.36,357.13,1,-1,-1,-1
155,21,1213.37,64.03,319.47,960.48,1,-1,-1,-1
155,22,232.53,275.98,194.97,586.71,1,-1,-1,-1
156,1,890.25,188.35,294.20,884.78,1,-1,-1,-1
156,2,461.79,388.52,119.67,361.07,1,-1,-1,-1
156,21,1180.57,66.49,334.73,1006.34,1,-1,-1,-1
156,22,255.38,276.13,192.53,579.36,1,-1,-1,-1
157,1,888.34,210.22,284.18,854.64,1,-1,-1,-1
157,2,462.34,388.84,120.17,362.56,1,-1,-1,-1
157,21,1168.42,67.48,340.42,1023.43,1,-1,-1,-1
157,22,245.30,276.68,194.88,586.46,1,-1,-1,-1
158,1,851.25,189.88,293.42,882.39,1,-1,-1,-1
158,2,462.49,388.96,120.34,363.08,1,-1,-1,-1
158,21,1154.89,65.00,327.64,985.02,1,-1,-1,-1
158,22,272.75,276.81,195.08,587.08,1,-1,-1,-1
159,1,837.84,182.45,296.78,892.48,1,-1,-1,-1
159,2,462.49,389.00,120.40,363.23,1,-1,-1,-1
159,21,1159.51,67.22,337.67,1015.15,1,-1,-1,-1
159,22,282.00,276.85,195.18,587.41,1,-1,-1,-1
160,1,830.53,188.12,311.99,938.20,1,-1,-1,-1
160,2,462.44,389.02,120.40,363.25,1,-1,-1,-1
160,21,1161.39,68.07,341.32,1026.10,1,-1,-1,-1
160,22,297.91,261.91,204.67,615.96,1,-1,-1,-1
161,1,830.41,210.22,291.08,875.31,1,-1,-1,-1
161,2,478.37,389.02,120.40,363.23,1,-1,-1,-1
161,21,1162.45,68.48,342.63,1030.04,1,-1,-1,-1
161,22,316.16,271.05,198.99,598.87,1,-1,-1,-1
162,1,831.23,219.34,282.37,849.12,1,-1,-1,-1
162,2,481.06,389.04,120.65,363.98,1,-1,-1,-1
162,21,1163.15,68.70,343.04,1031.24,1,-1,-1,-1
162,22,337.34,259.77,206.17,620.48,1,-1,-1,-1
163,1,786.55,202.00,306.84,922.69,1,-1,-1,-1
163,21,1154.41,65.82,328.06,986.22,1,-1,-1,-1
163,22,364.18,282.28,190.99,574.83,1,-1,-1,-1
164,1,770.57,195.80,315.60,948.99,1,-1,-1,-1
164,21,1118.49,21.99,353.94,1064.01,1,-1,-1,-1
164,22,373.39,291.28,184.98,556.77,1,-1,-1,-1
165,1,764.80,193.38,318.96,959.09,1,-1,-1,-1
165,21,1105.64,6.32,363.20,1091.82,1,-1,-1,-1
165,22,376.04,294.46,182.89,550.48,1,-1,-1,-1
166,1,763.10,192.51,320.14,962.61,1,-1,-1,-1
166,21,1097.53,44.74,350.83,1054.61,1,-1,-1,-1
166,22,401.09,295.54,182.20,548.41,1,-1,-1,-1
167,1,721.15,192.24,320.47,963.58,1,-1,-1,-1
167,21,1094.89,60.33,345.72,1039.24,1,-1,-1,-1
167,22,434.31,295.87,182.01,547.88,1,-1,-1,-1
168,1,713.73,183.79,306.48,921.53,1,-1,-1,-1
168,21,1049.05,20.83,360.01,1082.18,1,-1,-1,-1
168,22,445.93,295.91,182.01,547.89,1,-1,-1,-1
169,1,711.66,180.60,300.92,904.81,1,-1,-1,-1
169,21,1032.08,50.77,349.30,1050.00,1,-1,-1,-1
169,22,474.02,295.86,182.07,548.09,1,-1,-1,-1
170,1,691.00,151.58,328.34,987.21,1,-1,-1,-1
170,21,1026.13,62.84,344.92,1036.82,1,-1,-1,-1
170,22,483.78,295.79,182.15,548.33,1,-1,-1,-1
171,1,639.67,141.08,338.26,1017.01,1,-1,-1,-1
171,21,1024.40,67.39,343.24,1031.75,1,-1,-1,-1
171,22,502.23,296.97,181.03,544.96,1,-1,-1,-1
172,1,619.73,137.13,342.08,1028.47,1,-1,-1,-1
172,21,1024.20,69.08,342.58,1029.77,1,-1,-1,-1
173,1,612.64,135.82,343.41,1032.44,1,-1,-1,-1
173,21,969.40,24.29,376.00,1130.22,1,-1,-1,-1
174,1,610.57,135.53,343.77,1033.51,1,-1,-1,-1
174,21,949.35,7.89,388.25,1167.01,1,-1,-1,-1
175,1,565.57,135.61,343.77,1033.49,1,-1,-1,-1
175,18,364.43,390.74,128.86,388.93,1,-1,-1,-1
175,21,941.98,1.48,393.00,1181.25,1,-1,-1,-1
176,1,548.93,135.82,343.65,1033.10,1,-1,-1,-1
176,18,365.43,390.61,129.09,389.56,1,-1,-1,-1
176,19,905.00,513.00,39.00,119.00,1,-1,-1,-1
176,21,939.72,-0.81,394.67,1186.24,1,-1,-1,-1
177,1,543.27,136.06,343.48,1032.60,1,-1,-1,-1
177,18,383.03,390.56,129.19,389.79,1,-1,-1,-1
177,19,905.00,513.00,39.00,119.00,1,-1,-1,-1
177,21,946.01,-1.49,378.00,1136.15,1,-1,-1,-1
178,1,541.78,136.29,343.32,1032.10,1,-1,-1,-1
178,18,389.55,390.57,129.20,389.80,1,-1,-1,-1
178,19,905.00,513.00,39.00,119.00,1,-1,-1,-1
178,21,900.37,-1.47,371.28,1115.92,1,-1,-1,-1
179,1,491.91,98.11,376.64,1132.22,1,-1,-1,-1
179,18,391.95,390.68,135.35,408.30,1,-1,-1,-1
179,19,905.00,513.00,39.00,119.00,1,-1,-1,-1
179,21,883.86,-1.30,368.70,1108.17,1,-1,-1,-1
180,1,478.20,121.06,356.65,1072.13,1,-1,-1,-1
180,18,395.91,390.23,136.56,411.95,1,-1,-1,-1
180,19,905.00,513.00,39.00,119.00,1,-1,-1,-1
180,21,878.23,-1.08,367.68,1105.12,1,-1,-1,-1
181,1,459.84,117.18,359.71,1081.31,1,-1,-1,-1
181,21,876.69,-0.86,367.26,1103.84,1,-1,-1,-1
182,21,863.84,-3.86,368.01,1106.11,1,-1,-1,-1
182,22,687.26,309.68,170.51,513.34,1,-1,-1,-1
183,22,700.97,299.89,178.74,538.14,1,-1,-1,-1
184,21,814.09,-0.69,367.03,1103.17,1,-1,-1,-1
184,22,720.05,306.32,173.34,521.89,1,-1,-1,-1
185,21,798.81,-2.76,367.54,1104.68,1,-1,-1,-1
185,22,726.51,308.81,171.24,515.59,1,-1,-1,-1
186,22,738.78,317.27,162.84,490.33,1,-1,-1,-1
187,22,754.27,319.12,161.12,485.17,1,-1,-1,-1
187,32,1600.31,382.86,83.17,251.23,1,-1,-1,-1
188,32,1598.13,377.15,93.94,283.75,1,-1,-1,-1
188,34,53.59,239.65,148.42,447.40,1,-1,-1,-1
189,2,546.88,365.00,128.91,388.86,1,-1,-1,-1
189,32,1600.10,384.06,91.93,277.68,1,-1,-1,-1
189,34,63.01,237.46,150.25,452.92,1,-1,-1,-1
189,35,1404.30,448.86,73.64,222.93,1,-1,-1,-1
190,2,547.61,364.63,129.02,389.16,1,-1,-1,-1
190,32,1600.63,386.65,91.14,275.30,1,-1,-1,-1
190,35,1404.30,448.86,73.64,222.93,1,-1,-1,-1
191,2,518.29,381.90,135.25,407.90,1,-1,-1,-1
191,32,1602.42,388.65,90.75,274.12,1,-1,-1,-1
191,35,1407.78,448.96,77.56,234.78,1,-1,-1,-1
191,37,1370.21,544.83,47.48,144.56,1,-1,-1,-1
192,2,502.41,388.23,131.48,396.53,1,-1,-1,-1
192,35,1408.94,449.00,78.86,238.72,1,-1,-1,-1
192,37,1370.49,542.44,48.29,147.00,1,-1,-1,-1
193,2,501.34,390.73,136.15,410.57,1,-1,-1,-1
193,32,1612.08,395.09,85.41,258.01,1,-1,-1,-1
193,35,1409.95,449.03,80.00,242.16,1,-1,-1,-1
193,37,1371.64,539.57,49.25,149.94,1,-1,-1,-1
194,2,501.02,391.61,137.85,415.68,1,-1,-1,-1
194,32,1613.40,395.98,84.68,255.82,1,-1,-1,-1
195,2,513.10,391.77,132.37,399.15,1,-1,-1,-1
195,32,1615.90,398.12,83.66,252.74,1,-1,-1,-1
196,2,509.74,370.55,143.08,431.43,1,-1,-1,-1
197,2,516.40,383.28,134.54,405.69,1,-1,-1,-1
198,2,515.92,383.77,134.98,406.99,1,-1,-1,-1
198,35,1407.69,430.83,84.72,256.41,1,-1,-1,-1
199,35,1407.95,428.99,85.75,259.55,1,-1,-1,-1
200,35,1421.52,444.46,80.60,243.92,1,-1,-1,-1
200,39,266.12,220.16,228.88,688.56,1,-1,-1,-1
201,35,1423.17,444.41,80.99,245.12,1,-1,-1,-1
201,39,235.02,181.60,265.88,799.84,1,-1,-1,-1
201,40,927.09,327.57,150.68,453.95,1,-1,-1,-1
202,32,1648.46,401.38,79.01,238.75,1,-1,-1,-1
202,39,229.83,174.40,275.83,829.78,1,-1,-1,-1
202,40,928.42,323.00,156.47,471.37,1,-1,-1,-1
203,32,1656.55,404.20,71.66,216.61,1,-1,-1,-1
203,40,928.39,323.10,156.34,471.00,1,-1,-1,-1
204,22,976.24,335.39,138.36,416.73,1,-1,-1,-1
204,32,1651.33,398.48,80.33,242.81,1,-1,-1,-1
205,22,987.27,331.61,144.81,436.21,1,-1,-1,-1
205,32,1656.75,402.23,76.00,229.76,1,-1,-1,-1
206,22,1010.68,330.37,146.93,442.62,1,-1,-1,-1
206,32,1658.72,403.73,74.24,224.47,1,-1,-1,-1
207,22,1019.10,329.86,147.77,445.15,1,-1,-1,-1
207,32,1661.88,404.62,73.42,222.01,1,-1,-1,-1
208,22,1021.70,329.66,148.09,446.15,1,-1,-1,-1
209,22,1041.94,329.57,148.22,446.54,1,-1,-1,-1
209,40,635.65,358.37,148.51,447.42,1,-1,-1,-1
210,22,1058.08,333.41,141.67,426.84,1,-1,-1,-1
210,40,642.38,360.14,148.12,446.24,1,-1,-1,-1
211,22,1063.50,334.86,139.17,419.34,1,-1,-1,-1
211,35,1441.48,430.09,84.68,256.25,1,-1,-1,-1
211,40,651.87,363.36,141.24,425.54,1,-1,-1,-1
212,22,1075.96,331.44,144.98,436.84,1,-1,-1,-1
212,35,1442.06,429.52,84.81,256.59,1,-1,-1,-1
212,40,661.72,383.33,132.39,398.91,1,-1,-1,-1
213,22,1080.25,330.19,147.10,443.24,1,-1,-1,-1
213,35,1442.27,429.32,84.85,256.71,1,-1,-1,-1
213,40,685.57,389.06,123.26,371.46,1,-1,-1,-1
213,42,905.00,513.00,39.00,119.00,1,-1,-1,-1
214,22,1081.37,329.70,147.92,445.71,1,-1,-1,-1
214,35,1443.77,428.44,85.17,257.67,1,-1,-1,-1
214,40,693.90,392.07,126.25,380.48,1,-1,-1,-1
214,42,905.00,513.00,39.00,119.00,1,-1,-1,-1
215,22,1088.90,333.37,141.67,426.89,1,-1,-1,-1
215,40,684.62,397.46,123.70,372.78,1,-1,-1,-1
215,42,905.00,513.00,39.00,119.00,1,-1,-1,-1
216,22,1103.51,330.84,145.94,439.78,1,-1,-1,-1
216,39,584.82,251.32,213.62,642.68,1,-1,-1,-1
216,42,905.00,513.00,39.00,119.00,1,-1,-1,-1
217,22,1114.90,333.78,140.95,424.75,1,-1,-1,-1
217,32,1696.91,401.25,78.76,238.17,1,-1,-1,-1
217,39,630.01,254.42,210.37,632.93,1,-1,-1,-1
217,42,905.00,513.00,39.00,119.00,1,-1,-1,-1
218,22,1112.29,330.99,145.69,439.02,1,-1,-1,-1
218,32,1700.32,401.27,78.90,238.60,1,-1,-1,-1
218,39,639.76,255.35,209.58,630.57,1,-1,-1,-1
218,42,905.00,513.00,39.00,119.00,1,-1,-1,-1
219,22,1130.74,329.97,147.41,444.23,1,-1,-1,-1
219,39,642.05,255.51,209.41,630.07,1,-1,-1,-1
219,42,905.00,513.00,39.00,119.00,1,-1,-1,-1
219,44,1610.57,418.56,74.86,226.47,1,-1,-1,-1
220,22,1137.45,329.58,148.07,446.21,1,-1,-1,-1
220,39,667.12,271.05,199.61,600.64,1,-1,-1,-1
220,42,905.00,513.00,39.00,119.00,1,-1,-1,-1
220,44,1613.27,413.99,82.21,248.70,1,-1,-1,-1
221,22,1144.59,333.29,141.76,427.20,1,-1,-1,-1
221,39,675.07,276.53,196.17,590.30,1,-1,-1,-1
221,42,905.00,513.00,39.00,119.00,1,-1,-1,-1
221,44,1616.93,415.77,80.38,243.19,1,-1,-1,-1
222,22,1165.44,334.72,139.32,419.85,1,-1,-1,-1
222,39,681.16,262.63,204.90,616.58,1,-1,-1,-1
222,42,905.00,513.00,39.00,119.00,1,-1,-1,-1
222,44,1620.48,415.35,81.02,245.11,1,-1,-1,-1
223,22,1169.01,331.32,145.10,437.27,1,-1,-1,-1
223,39,705.45,272.73,198.55,597.50,1,-1,-1,-1
224,2,273.81,273.13,224.55,676.68,1,-1,-1,-1
224,22,1173.76,333.90,140.70,424.03,1,-1,-1,-1
224,39,713.76,276.46,196.21,590.47,1,-1,-1,-1
225,2,262.26,264.02,246.34,742.03,1,-1,-1,-1
225,22,1175.03,334.91,138.98,418.84,1,-1,-1,-1
225,39,733.78,265.16,186.51,561.32,1,-1,-1,-1
226,2,292.53,267.39,235.13,708.12,1,-1,-1,-1
226,22,1187.34,354.94,126.38,380.90,1,-1,-1,-1
226,32,1713.61,401.02,79.07,239.13,1,-1,-1,-1
226,39,753.62,272.54,174.60,525.51,1,-1,-1,-1
227,2,306.27,269.19,229.98,692.50,1,-1,-1,-1
227,22,1198.08,342.17,134.02,403.93,1,-1,-1,-1
227,32,1715.87,397.13,83.02,251.05,1,-1,-1,-1
227,39,755.73,276.11,188.19,566.41,1,-1,-1,-1
228,2,341.14,270.02,227.91,686.18,1,-1,-1,-1
228,22,1200.22,357.34,130.48,393.29,1,-1,-1,-1
228,32,1718.27,396.75,83.46,252.38,1,-1,-1,-1
228,39,771.91,265.14,184.08,554.07,1,-1,-1,-1
229,2,354.56,270.45,227.04,683.50,1,-1,-1,-1
229,22,1208.53,359.75,129.41,390.08,1,-1,-1,-1
229,39,788.11,273.15,191.44,576.24,1,-1,-1,-1
229,40,630.92,278.10,195.07,587.76,1,-1,-1,-1
229,44,1679.96,416.87,79.19,239.57,1,-1,-1,-1
230,2,376.71,251.80,237.19,713.99,1,-1,-1,-1
230,22,1221.37,364.32,128.87,388.46,1,-1,-1,-1
230,39,816.82,275.12,177.40,534.02,1,-1,-1,-1
230,40,626.26,271.69,199.01,599.61,1,-1,-1,-1
230,44,1682.64,416.96,79.07,239.20,1,-1,-1,-1
231,2,397.43,263.47,230.58,694.05,1,-1,-1,-1
231,22,1235.36,365.47,122.72,369.96,1,-1,-1,-1
231,39,829.87,276.74,189.36,570.01,1,-1,-1,-1
231,44,1683.96,414.01,82.86,250.67,1,-1,-1,-1
232,2,405.62,268.39,227.77,685.58,1,-1,-1,-1
232,22,1247.37,365.87,126.49,381.31,1,-1,-1,-1
232,39,834.39,277.30,193.47,582.38,1,-1,-1,-1
232,40,652.40,286.93,188.14,566.79,1,-1,-1,-1
232,44,1694.47,415.84,80.51,243.55,1,-1,-1,-1
233,2,378.80,270.34,226.65,682.17,1,-1,-1,-1
233,22,1251.47,365.97,127.83,385.36,1,-1,-1,-1
233,39,855.17,276.53,178.42,537.09,1,-1,-1,-1
233,40,658.37,290.76,185.47,558.71,1,-1,-1,-1
233,44,1700.75,415.75,80.66,244.01,1,-1,-1,-1
234,2,380.40,286.99,216.22,650.77,1,-1,-1,-1
234,22,1256.61,346.33,134.52,405.53,1,-1,-1,-1
234,39,868.61,250.21,189.84,571.48,1,-1,-1,-1
234,40,656.04,286.32,188.11,566.64,1,-1,-1,-1
235,2,380.99,293.46,212.15,638.53,1,-1,-1,-1
235,22,1254.41,341.32,130.99,394.90,1,-1,-1,-1
235,39,883.36,254.78,185.20,557.53,1,-1,-1,-1
235,44,1713.05,416.78,79.30,239.90,1,-1,-1,-1
236,2,409.42,295.82,210.67,634.05,1,-1,-1,-1
236,22,1257.04,336.98,135.76,409.27,1,-1,-1,-1
236,39,891.30,254.06,201.55,606.72,1,-1,-1,-1
236,44,1740.57,390.20,83.02,251.15,1,-1,-1,-1
236,47,541.55,296.93,209.93,631.68,1,-1,-1,-1
237,2,427.29,309.73,200.73,604.16,1,-1,-1,-1
237,22,1270.89,337.76,131.46,396.31,1,-1,-1,-1
237,39,897.31,267.27,182.12,548.26,1,-1,-1,-1
237,44,1749.20,387.27,83.42,252.34,1,-1,-1,-1
237,47,551.62,297.63,209.49,630.35,1,-1,-1,-1
238,2,433.83,314.91,197.01,592.97,1,-1,-1,-1
238,22,1275.91,338.14,129.76,391.20,1,-1,-1,-1
238,39,898.44,272.87,173.95,523.70,1,-1,-1,-1
238,47,553.87,297.61,209.50,630.39,1,-1,-1,-1
239,2,439.41,317.78,195.15,587.36,1,-1,-1,-1
239,22,1285.27,355.52,123.37,371.96,1,-1,-1,-1
239,39,898.40,274.84,171.09,515.09,1,-1,-1,-1
239,47,553.93,297.46,209.60,630.68,1,-1,-1,-1
240,22,1288.41,362.12,120.97,364.76,1,-1,-1,-1
240,39,898.00,275.52,170.11,512.17,1,-1,-1,-1
240,47,583.03,311.10,199.77,601.12,1,-1,-1,-1
241,22,1289.28,364.47,120.14,362.27,1,-1,-1,-1
241,39,920.48,275.73,169.82,511.31,1,-1,-1,-1
241,40,780.75,306.37,172.64,520.03,1,-1,-1,-1
241,47,620.78,315.86,196.32,590.77,1,-1,-1,-1
242,22,1289.35,365.26,119.88,361.48,1,-1,-1,-1
242,39,928.43,275.77,169.77,511.19,1,-1,-1,-1
242,40,788.28,305.51,172.90,520.83,1,-1,-1,-1
242,47,635.37,303.70,205.06,617.06,1,-1,-1,-1
243,2,509.24,317.16,195.37,588.05,1,-1,-1,-1
243,22,1305.38,365.49,119.82,361.32,1,-1,-1,-1
243,39,953.85,275.76,169.81,511.32,1,-1,-1,-1
243,47,638.08,312.53,198.70,597.94,1,-1,-1,-1
244,2,542.19,317.01,195.46,588.31,1,-1,-1,-1
244,22,1311.12,365.51,119.83,361.38,1,-1,-1,-1
244,39,984.35,264.36,178.05,536.13,1,-1,-1,-1
244,44,1748.14,414.56,79.36,240.06,1,-1,-1,-1
244,47,664.95,315.81,196.33,590.83,1,-1,-1,-1
245,2,553.32,316.95,195.49,588.41,1,-1,-1,-1
245,22,1313.00,365.46,119.87,361.50,1,-1,-1,-1
245,39,994.98,280.17,165.64,498.76,1,-1,-1,-1
245,44,1762.91,401.15,83.13,251.45,1,-1,-1,-1
245,47,674.08,316.89,195.54,588.46,1,-1,-1,-1
246,2,577.87,335.31,178.67,537.82,1,-1,-1,-1
246,22,1313.45,365.39,119.91,361.64,1,-1,-1,-1
246,39,998.46,265.67,176.81,532.41,1,-1,-1,-1
246,40,886.73,332.74,141.10,425.07,1,-1,-1,-1
246,44,1767.52,397.14,84.26,254.86,1,-1,-1,-1
246,47,676.78,317.19,195.32,587.82,1,-1,-1,-1
247,2,589.93,333.93,180.70,543.96,1,-1,-1,-1
247,22,1313.39,365.32,119.95,361.77,1,-1,-1,-1
247,39,1001.07,271.72,172.72,520.10,1,-1,-1,-1
247,40,900.62,334.73,138.30,416.65,1,-1,-1,-1
247,44,1769.09,395.64,84.69,256.13,1,-1,-1,-1
247,47,709.46,304.05,204.76,616.23,1,-1,-1,-1
248,2,613.43,341.53,173.22,521.47,1,-1,-1,-1
248,22,1313.16,365.26,119.99,361.89,1,-1,-1,-1
248,39,1024.14,274.15,171.10,515.24,1,-1,-1,-1
248,40,945.40,377.85,116.00,349.57,1,-1,-1,-1
248,44,1780.36,389.55,88.86,268.73,1,-1,-1,-1
248,47,721.11,299.20,208.25,626.72,1,-1,-1,-1
249,2,626.64,335.98,178.87,538.49,1,-1,-1,-1
249,22,1328.94,365.20,120.02,361.99,1,-1,-1,-1
249,39,1032.29,275.05,170.52,513.48,1,-1,-1,-1
249,40,963.24,385.10,110.71,333.64,1,-1,-1,-1
249,44,1780.37,408.02,79.33,239.94,1,-1,-1,-1
249,47,745.10,310.21,200.33,602.89,1,-1,-1,-1
250,2,634.70,323.57,189.64,570.90,1,-1,-1,-1
250,22,1335.47,364.00,114.70,345.95,1,-1,-1,-1
250,39,1034.87,275.38,170.32,512.89,1,-1,-1,-1
250,44,1779.55,403.35,79.02,239.02,1,-1,-1,-1
250,47,779.91,314.49,197.24,593.62,1,-1,-1,-1
251,2,657.71,329.08,185.14,557.38,1,-1,-1,-1
251,22,1336.86,364.68,118.15,356.35,1,-1,-1,-1
251,39,1053.33,284.53,162.67,489.89,1,-1,-1,-1
251,44,1779.53,413.77,75.36,227.96,1,-1,-1,-1
251,47,792.08,316.03,196.13,590.29,1,-1,-1,-1
252,2,672.57,330.03,184.49,555.41,1,-1,-1,-1
252,22,1337.26,364.91,119.39,360.12,1,-1,-1,-1
252,39,1059.72,287.98,159.80,481.24,1,-1,-1,-1
252,40,952.16,365.71,135.78,409.20,1,-1,-1,-1
252,44,1789.42,417.68,74.00,223.87,1,-1,-1,-1
252,47,795.91,316.55,195.75,589.15,1,-1,-1,-1
253,2,687.60,329.77,156.09,469.95,1,-1,-1,-1
253,22,1337.21,364.98,119.88,361.60,1,-1,-1,-1
253,39,1066.47,280.02,166.49,501.40,1,-1,-1,-1
253,40,961.46,367.52,135.90,409.58,1,-1,-1,-1
253,44,1793.27,406.89,77.13,233.32,1,-1,-1,-1
253,47,810.47,302.66,186.89,562.51,1,-1,-1,-1
253,53,1537.50,414.66,97.49,294.47,1,-1,-1,-1
254,2,702.48,330.60,152.49,459.13,1,-1,-1,-1
254,22,1337.01,364.99,120.08,362.20,1,-1,-1,-1
254,39,1063.97,286.07,161.42,486.16,1,-1,-1,-1
254,40,984.42,365.94,130.68,393.88,1,-1,-1,-1
254,44,1794.16,414.84,74.76,226.19,1,-1,-1,-1
254,47,827.72,311.63,192.49,579.36,1,-1,-1,-1
254,53,1537.50,414.66,97.49,294.47,1,-1,-1,-1
255,22,1348.25,375.70,109.84,331.34,1,-1,-1,-1
255,39,1067.20,279.25,167.15,503.41,1,-1,-1,-1
255,40,995.12,367.41,130.26,392.61,1,-1,-1,-1
255,44,1804.34,417.92,73.86,223.47,1,-1,-1,-1
255,47,845.55,300.89,185.82,559.31,1,-1,-1,-1
255,53,1537.50,414.66,97.49,294.47,1,-1,-1,-1
256,2,735.71,299.43,178.41,537.16,1,-1,-1,-1
256,22,1357.09,368.69,116.59,351.70,1,-1,-1,-1
256,39,1084.45,285.70,161.74,487.13,1,-1,-1,-1
256,44,1810.79,418.93,70.22,212.48,1,-1,-1,-1
256,47,876.22,296.73,183.30,551.76,1,-1,-1,-1
256,53,1537.50,414.66,97.49,294.47,1,-1,-1,-1
257,2,741.38,295.54,181.36,546.03,1,-1,-1,-1
257,22,1374.63,379.97,113.61,342.71,1,-1,-1,-1
257,39,1112.07,309.62,159.66,480.86,1,-1,-1,-1
257,44,1820.18,419.34,72.27,218.69,1,-1,-1,-1
257,47,886.83,295.24,182.44,549.18,1,-1,-1,-1
257,53,1537.50,414.66,97.49,294.47,1,-1,-1,-1
258,2,766.92,294.15,182.49,549.46,1,-1,-1,-1
258,22,1382.56,370.38,117.85,355.53,1,-1,-1,-1
258,39,1121.89,318.38,158.92,478.65,1,-1,-1,-1
258,44,1816.37,419.37,69.71,210.97,1,-1,-1,-1
258,47,890.07,319.31,182.18,548.41,1,-1,-1,-1
258,53,1537.50,414.66,97.49,294.47,1,-1,-1,-1
259,2,776.18,293.74,182.91,550.71,1,-1,-1,-1
259,22,1385.32,366.86,119.41,360.23,1,-1,-1,-1
259,39,1125.10,321.49,158.68,477.93,1,-1,-1,-1
259,44,1814.60,419.32,68.76,208.12,1,-1,-1,-1
259,47,906.60,317.83,190.91,574.69,1,-1,-1,-1
259,53,1537.50,414.66,97.49,294.47,1,-1,-1,-1
260,2,779.14,293.69,183.04,551.12,1,-1,-1,-1
260,22,1386.12,365.48,120.02,362.05,1,-1,-1,-1
260,39,1133.73,292.16,166.23,500.68,1,-1,-1,-1
260,44,1812.01,407.25,75.36,228.09,1,-1,-1,-1
260,47,912.36,317.25,194.15,584.43,1,-1,-1,-1
260,53,1537.50,414.66,97.49,294.47,1,-1,-1,-1
261,2,790.81,325.88,175.01,526.96,1,-1,-1,-1
261,22,1386.18,364.96,120.24,362.72,1,-1,-1,-1
261,39,1136.70,281.27,169.03,509.11,1,-1,-1,-1
261,44,1819.64,414.54,74.30,224.86,1,-1,-1,-1
261,47,922.33,327.22,186.79,562.29,1,-1,-1,-1
261,53,1537.50,414.66,97.49,294.47,1,-1,-1,-1
262,2,802.03,344.42,164.23,494.52,1,-1,-1,-1
262,22,1385.99,364.77,120.32,362.95,1,-1,-1,-1
262,39,1137.43,277.04,170.11,512.37,1,-1,-1,-1
262,44,1824.77,417.43,70.58,213.63,1,-1,-1,-1
262,47,949.97,306.43,183.93,553.69,1,-1,-1,-1
262,53,1537.50,414.66,97.49,294.47,1,-1,-1,-1
263,2,805.51,351.24,160.25,482.55,1,-1,-1,-1
263,22,1385.74,364.70,120.34,363.02,1,-1,-1,-1
263,39,1150.57,284.41,163.00,490.97,1,-1,-1,-1
263,44,1828.31,417.84,70.14,212.31,1,-1,-1,-1
263,47,959.63,298.72,182.89,550.59,1,-1,-1,-1
263,53,1537.50,414.66,97.49,294.47,1,-1,-1,-1
264,2,827.96,353.57,158.87,478.42,1,-1,-1,-1
264,22,1401.50,364.68,120.34,363.03,1,-1,-1,-1
264,39,1163.46,294.39,153.09,461.14,1,-1,-1,-1
264,47,962.66,295.88,182.54,549.54,1,-1,-1,-1
264,53,1542.41,420.69,93.13,281.30,1,-1,-1,-1
265,2,835.69,354.29,158.43,477.11,1,-1,-1,-1
265,22,1404.85,363.54,115.01,346.94,1,-1,-1,-1
265,39,1159.37,290.94,156.68,471.96,1,-1,-1,-1
265,47,989.06,327.37,174.29,524.71,1,-1,-1,-1
265,53,1544.28,422.98,91.47,276.30,1,-1,-1,-1
266,2,847.06,340.25,174.21,524.63,1,-1,-1,-1
266,22,1408.34,364.28,118.39,357.14,1,-1,-1,-1
266,39,1165.99,316.49,150.90,454.54,1,-1,-1,-1
266,47,996.89,306.29,179.51,540.43,1,-1,-1,-1
266,53,1544.93,423.78,90.89,274.55,1,-1,-1,-1
266,56,1698.06,520.56,67.51,204.80,1,-1,-1,-1
267,2,858.81,342.97,172.03,518.06,1,-1,-1,-1
267,22,1409.52,364.55,119.61,360.83,1,-1,-1,-1
267,39,1169.25,312.92,163.65,492.94,1,-1,-1,-1
267,47,1000.83,331.02,173.29,521.74,1,-1,-1,-1
267,53,1545.14,424.04,90.70,273.99,1,-1,-1,-1
267,56,1701.77,515.14,69.70,211.44,1,-1,-1,-1
268,2,879.12,311.77,179.20,539.65,1,-1,-1,-1
268,22,1409.78,364.66,120.08,362.24,1,-1,-1,-1
268,39,1170.40,311.65,168.17,506.55,1,-1,-1,-1
268,47,1001.54,340.55,170.95,514.70,1,-1,-1,-1
268,53,1540.26,418.04,95.03,287.08,1,-1,-1,-1
269,2,892.58,309.59,173.91,523.73,1,-1,-1,-1
269,22,1422.14,378.47,114.93,346.71,1,-1,-1,-1
269,39,1192.84,288.73,169.94,511.88,1,-1,-1,-1
269,47,1024.33,343.94,170.14,512.29,1,-1,-1,-1
269,53,1543.28,421.75,92.35,278.98,1,-1,-1,-1
269,56,1715.83,531.03,64.90,196.87,1,-1,-1,-1
270,2,915.21,299.18,179.90,541.77,1,-1,-1,-1
270,22,1433.43,380.65,107.88,325.46,1,-1,-1,-1
270,39,1201.27,279.78,170.59,513.84,1,-1,-1,-1
270,47,1032.30,345.06,169.90,511.58,1,-1,-1,-1
270,53,1544.47,423.21,91.29,275.81,1,-1,-1,-1
270,56,1720.85,530.90,65.27,198.00,1,-1,-1,-1
271,2,927.85,304.90,174.12,524.35,1,-1,-1,-1
271,22,1437.36,381.38,105.29,317.67,1,-1,-1,-1
271,39,1214.39,285.30,163.31,491.92,1,-1,-1,-1
271,44,1840.14,418.93,68.62,207.73,1,-1,-1,-1
271,47,1034.78,345.36,169.87,511.48,1,-1,-1,-1
271,53,1544.89,423.73,90.92,274.67,1,-1,-1,-1
272,2,931.69,340.28,157.10,473.12,1,-1,-1,-1
272,22,1438.57,381.59,104.40,315.02,1,-1,-1,-1
272,39,1219.02,287.51,160.46,483.33,1,-1,-1,-1
272,44,1840.46,418.96,68.57,207.60,1,-1,-1,-1
272,47,1058.07,345.35,169.90,511.60,1,-1,-1,-1
272,53,1545.04,423.90,90.79,274.29,1,-1,-1,-1
273,2,932.51,319.76,165.82,499.40,1,-1,-1,-1
273,22,1438.82,381.62,104.13,314.20,1,-1,-1,-1
273,39,1220.42,288.35,159.40,480.17,1,-1,-1,-1
273,44,1840.58,418.97,68.55,207.55,1,-1,-1,-1
273,47,1082.81,351.25,162.35,488.88,1,-1,-1,-1
273,53,1553.26,417.93,95.11,287.34,1,-1,-1,-1
274,2,932.54,345.38,154.25,464.56,1,-1,-1,-1
274,22,1438.73,381.58,104.07,314.05,1,-1,-1,-1
274,39,1233.09,279.62,166.63,501.93,1,-1,-1,-1
274,44,1842.45,419.16,68.32,206.84,1,-1,-1,-1
274,47,1097.92,347.24,167.29,503.76,1,-1,-1,-1
274,53,1560.18,421.61,92.44,279.29,1,-1,-1,-1
275,2,932.00,321.71,164.80,496.34,1,-1,-1,-1
275,22,1438.53,381.53,104.09,314.12,1,-1,-1,-1
275,39,1246.27,285.29,161.85,487.52,1,-1,-1,-1
275,47,1106.59,337.75,177.17,533.53,1,-1,-1,-1
275,53,1562.82,423.07,91.38,276.10,1,-1,-1,-1
276,2,933.10,341.78,160.98,484.86,1,-1,-1,-1
276,22,1438.32,381.47,104.13,314.27,1,-1,-1,-1
276,39,1254.95,294.62,152.83,460.37,1,-1,-1,-1
276,44,1852.38,418.97,68.55,207.55,1,-1,-1,-1
276,47,1128.30,342.02,172.95,520.80,1,-1,-1,-1
276,53,1562.59,427.59,86.93,262.65,1,-1,-1,-1
277,2,954.35,349.75,159.49,480.37,1,-1,-1,-1
277,22,1452.82,390.70,99.50,300.30,1,-1,-1,-1
277,39,1257.75,318.40,149.44,450.18,1,-1,-1,-1
277,44,1853.93,418.94,68.58,207.65,1,-1,-1,-1
277,47,1136.10,343.67,171.25,515.71,1,-1,-1,-1
277,53,1562.40,440.88,85.25,257.62,1,-1,-1,-1
278,2,961.94,352.65,158.95,478.77,1,-1,-1,-1
278,22,1457.48,384.70,102.55,309.53,1,-1,-1,-1
278,39,1277.00,330.86,141.54,426.42,1,-1,-1,-1
278,44,1858.35,426.24,65.51,198.40,1,-1,-1,-1
278,47,1138.49,321.49,170.63,513.84,1,-1,-1,-1
278,53,1562.27,445.65,84.67,255.88,1,-1,-1,-1
279,2,981.21,357.82,151.68,456.88,1,-1,-1,-1
279,22,1459.71,391.76,99.01,298.85,1,-1,-1,-1
279,39,1286.32,335.29,139.41,419.98,1,-1,-1,-1
279,44,1860.98,427.15,65.05,197.00,1,-1,-1,-1
279,47,1161.63,335.90,170.41,513.18,1,-1,-1,-1
279,53,1572.52,438.93,92.97,280.95,1,-1,-1,-1
280,2,999.90,362.27,142.22,428.40,1,-1,-1,-1
280,22,1463.74,393.28,97.97,295.71,1,-1,-1,-1
280,44,1860.26,429.49,64.15,194.29,1,-1,-1,-1
280,47,1181.68,347.33,162.76,490.16,1,-1,-1,-1
280,53,1576.21,436.51,95.97,289.98,1,-1,-1,-1
281,2,1006.20,363.76,138.83,418.22,1,-1,-1,-1
281,22,1476.50,383.88,102.99,310.88,1,-1,-1,-1
281,44,1862.51,430.56,63.64,192.74,1,-1,-1,-1
281,47,1176.50,345.57,167.59,504.70,1,-1,-1,-1
281,53,1578.70,443.58,88.94,268.76,1,-1,-1,-1
282,2,1016.36,361.56,144.49,435.30,1,-1,-1,-1
282,22,1492.59,391.39,99.23,299.56,1,-1,-1,-1
282,47,1192.97,355.00,154.76,466.11,1,-1,-1,-1
282,53,1581.24,445.21,88.77,268.24,1,-1,-1,-1
283,2,1019.78,360.73,146.54,441.49,1,-1,-1,-1
283,22,1498.83,392.47,98.51,297.37,1,-1,-1,-1
283,47,1213.36,354.30,157.09,473.13,1,-1,-1,-1
284,2,1040.45,360.33,147.38,444.03,1,-1,-1,-1
284,47,1220.27,354.02,157.93,475.66,1,-1,-1,-1
285,2,1056.85,362.68,141.13,425.21,1,-1,-1,-1
285,47,1227.72,358.03,151.19,455.39,1,-1,-1,-1
286,2,1062.48,363.49,138.79,418.19,1,-1,-1,-1
286,47,1246.02,333.53,155.92,469.66,1,-1,-1,-1
287,2,1054.99,361.14,144.69,435.96,1,-1,-1,-1
287,22,1500.15,395.12,97.38,294.00,1,-1,-1,-1
287,47,1266.22,317.29,165.20,497.59,1,-1,-1,-1
288,2,1061.00,362.80,140.30,422.77,1,-1,-1,-1
288,22,1501.30,385.68,102.16,308.43,1,-1,-1,-1
288,47,1273.49,311.25,168.69,508.11,1,-1,-1,-1
289,2,1062.83,363.39,138.64,417.75,1,-1,-1,-1
289,22,1501.74,382.58,103.73,313.17,1,-1,-1,-1
289,47,1282.90,316.41,162.59,489.74,1,-1,-1,-1
290,2,1063.19,363.56,138.06,416.03,1,-1,-1,-1
290,22,1513.41,390.52,99.73,301.11,1,-1,-1,-1
290,47,1301.38,311.07,167.80,505.42,1,-1,-1,-1
290,59,1190.87,338.90,128.96,388.88,1,-1,-1,-1
291,2,1081.59,363.59,137.88,415.51,1,-1,-1,-1
291,22,1517.74,393.63,98.17,296.40,1,-1,-1,-1
291,47,1292.67,316.56,162.23,488.65,1,-1,-1,-1
291,59,1197.23,338.90,128.96,388.88,1,-1,-1,-1
292,2,1088.18,363.57,137.86,415.44,1,-1,-1,-1
292,22,1521.40,385.46,102.29,308.84,1,-1,-1,-1
292,47,1288.53,318.86,160.03,482.04,1,-1,-1,-1
292,59,1198.78,338.90,128.96,388.88,1,-1,-1,-1
293,2,1090.33,363.53,137.88,415.52,1,-1,-1,-1
293,22,1533.35,391.56,99.21,299.57,1,-1,-1,-1
293,47,1307.92,319.78,159.22,479.61,1,-1,-1,-1
293,59,1198.91,338.90,128.96,388.88,1,-1,-1,-1
294,2,1090.83,363.49,137.92,415.65,1,-1,-1,-1
294,22,1537.79,393.97,98.00,295.92,1,-1,-1,-1
294,47,1315.91,345.60,151.85,457.41,1,-1,-1,-1
294,59,1216.89,338.90,128.96,388.88,1,-1,-1,-1
295,2,1109.26,363.45,137.96,415.78,1,-1,-1,-1
295,22,1539.25,394.84,97.56,294.60,1,-1,-1,-1
295,47,1318.37,355.44,149.08,449.08,1,-1,-1,-1
295,59,1216.86,340.02,122.99,370.88,1,-1,-1,-1
296,2,1115.91,363.41,138.00,415.91,1,-1,-1,-1
296,22,1539.61,395.15,97.41,294.15,1,-1,-1,-1
296,47,1318.91,358.93,148.11,446.19,1,-1,-1,-1
296,59,1222.68,339.30,126.83,382.47,1,-1,-1,-1
297,2,1118.11,363.38,138.03,416.02,1,-1,-1,-1
297,22,1543.70,395.76,97.07,293.13,1,-1,-1,-1
297,47,1338.81,360.11,147.81,445.29,1,-1,-1,-1
297,59,1224.75,355.30,116.91,352.58,1,-1,-1,-1
298,2,1118.65,363.36,138.06,416.12,1,-1,-1,-1
298,47,1346.13,334.87,154.88,466.58,1,-1,-1,-1
298,59,1230.13,357.70,115.25,347.55,1,-1,-1,-1
299,2,1118.59,363.33,138.09,416.21,1,-1,-1,-1
299,22,1561.58,383.43,103.31,311.96,1,-1,-1,-1
299,47,1348.62,325.56,157.49,474.46,1,-1,-1,-1
300,2,1118.32,363.31,138.12,416.28,1,-1,-1,-1
300,22,1566.67,382.65,103.68,313.09,1,-1,-1,-1
300,47,1368.46,347.11,151.51,456.45,1,-1,-1,-1
301,2,1136.47,363.29,138.14,416.35,1,-1,-1,-1
301,47,1377.41,329.91,156.33,470.98,1,-1,-1,-1
302,2,1124.65,363.27,138.15,416.41,1,-1,-1,-1
302,47,1380.48,323.67,158.09,476.27,1,-1,-1,-1
303,2,1138.42,363.26,138.17,416.46,1,-1,-1,-1
303,22,1564.65,385.04,111.22,335.81,1,-1,-1,-1
303,47,1381.28,321.33,158.76,478.29,1,-1,-1,-1
304,2,1143.43,363.25,138.19,416.51,1,-1,-1,-1
304,22,1564.28,385.34,112.12,338.50,1,-1,-1,-1
304,47,1381.24,320.50,159.01,479.04,1,-1,-1,-1
305,2,1146.09,364.39,132.06,398.05,1,-1,-1,-1
305,22,1567.46,385.04,113.06,341.34,1,-1,-1,-1
305,47,1392.02,348.01,145.50,438.37,1,-1,-1,-1
306,2,1145.81,363.64,135.98,409.89,1,-1,-1,-1
306,47,1395.69,358.81,140.24,422.53,1,-1,-1,-1
306,59,1285.98,365.06,119.86,361.46,1,-1,-1,-1
307,2,1163.65,364.51,131.29,395.77,1,-1,-1,-1
307,47,1403.82,359.94,145.18,437.43,1,-1,-1,-1
307,59,1280.63,348.23,125.81,379.41,1,-1,-1,-1
308,2,1170.27,364.84,129.50,390.37,1,-1,-1,-1
308,47,1406.60,360.30,146.96,442.79,1,-1,-1,-1
308,59,1289.06,357.68,117.16,353.37,1,-1,-1,-1
309,2,1172.49,364.95,128.86,388.47,1,-1,-1,-1
309,47,1407.35,360.34,147.67,444.94,1,-1,-1,-1
309,59,1289.04,362.65,119.10,359.22,1,-1,-1,-1
310,2,1190.43,364.99,128.66,387.87,1,-1,-1,-1
310,47,1418.87,362.83,141.36,425.96,1,-1,-1,-1
310,59,1304.94,364.42,119.80,361.33,1,-1,-1,-1
311,2,1179.86,363.83,134.80,406.37,1,-1,-1,-1
311,47,1422.93,363.68,138.98,418.78,1,-1,-1,-1
311,59,1304.20,348.01,125.78,379.35,1,-1,-1,-1
312,2,1192.51,364.54,131.02,394.98,1,-1,-1,-1
312,47,1432.52,361.32,144.83,436.43,1,-1,-1,-1
312,59,1310.26,358.60,122.41,369.19,1,-1,-1,-1
313,2,1197.18,364.81,129.53,390.51,1,-1,-1,-1
313,22,1634.04,394.41,98.57,297.61,1,-1,-1,-1
313,47,1446.03,362.97,140.44,423.21,1,-1,-1,-1
313,59,1314.18,361.69,115.68,348.94,1,-1,-1,-1
314,2,1200.24,363.75,135.18,407.53,1,-1,-1,-1
314,22,1637.06,394.97,97.63,294.80,1,-1,-1,-1
314,47,1440.52,340.95,145.42,438.23,1,-1,-1,-1
314,59,1319.52,362.40,115.10,347.18,1,-1,-1,-1
315,2,1201.26,363.36,137.26,413.80,1,-1,-1,-1
315,22,1638.18,395.14,97.34,293.94,1,-1,-1,-1
315,47,1448.53,355.04,140.72,424.06,1,-1,-1,-1
316,2,1195.12,380.13,126.31,380.81,1,-1,-1,-1
316,22,1638.85,402.17,92.84,280.38,1,-1,-1,-1
316,47,1451.30,360.59,138.90,418.58,1,-1,-1,-1
317,2,1208.88,386.73,121.97,367.76,1,-1,-1,-1
317,22,1643.41,403.54,91.71,276.97,1,-1,-1,-1
317,47,1452.09,362.62,138.25,416.64,1,-1,-1,-1
318,2,1213.64,389.02,120.46,363.20,1,-1,-1,-1
318,47,1452.18,363.33,138.04,416.00,1,-1,-1,-1
319,2,1224.04,372.37,132.02,398.05,1,-1,-1,-1
319,47,1452.02,363.56,137.98,415.86,1,-1,-1,-1
320,2,1234.87,383.07,124.60,375.69,1,-1,-1,-1
320,47,1451.78,363.61,137.99,415.88,1,-1,-1,-1
321,2,1238.84,387.45,121.54,366.48,1,-1,-1,-1
321,47,1451.54,363.59,138.01,415.96,1,-1,-1,-1
322,2,1245.23,386.75,115.01,346.82,1,-1,-1,-1
322,47,1455.94,364.70,131.88,397.51,1,-1,-1,-1
322,61,1183.30,402.13,104.56,315.68,1,-1,-1,-1
323,2,1249.43,389.96,124.04,374.06,1,-1,-1,-1
323,47,1457.44,365.08,129.58,390.58,1,-1,-1,-1
323,61,1182.98,411.69,99.20,299.49,1,-1,-1,-1
324,2,1259.67,389.87,121.54,366.53,1,-1,-1,-1
324,47,1457.88,365.20,128.78,388.18,1,-1,-1,-1
324,61,1182.88,414.75,97.48,294.32,1,-1,-1,-1
325,2,1254.39,373.67,126.33,380.96,1,-1,-1,-1
325,47,1471.93,364.05,134.75,406.17,1,-1,-1,-1
325,61,1183.16,406.41,102.16,308.43,1,-1,-1,-1
325,62,1595.80,446.86,84.74,256.23,1,-1,-1,-1
326,2,1252.33,367.70,128.10,386.29,1,-1,-1,-1
326,47,1463.31,364.75,130.87,394.49,1,-1,-1,-1
326,61,1182.96,412.26,98.88,298.54,1,-1,-1,-1
326,62,1595.80,446.86,84.74,256.23,1,-1,-1,-1
327,2,1264.08,379.04,117.80,355.27,1,-1,-1,-1
327,47,1459.70,365.00,129.37,389.99,1,-1,-1,-1
327,61,1182.89,414.39,97.68,294.92,1,-1,-1,-1
327,62,1598.92,429.79,89.25,269.85,1,-1,-1,-1
328,2,1268.39,383.57,113.73,343.03,1,-1,-1,-1
328,47,1458.27,365.08,128.84,388.42,1,-1,-1,-1
328,61,1168.60,406.43,102.14,308.40,1,-1,-1,-1
328,62,1599.95,424.12,90.75,274.37,1,-1,-1,-1
329,2,1269.76,385.18,112.31,338.76,1,-1,-1,-1
329,47,1457.67,365.09,128.68,387.92,1,-1,-1,-1
329,61,1163.54,403.58,103.74,313.23,1,-1,-1,-1
329,62,1600.28,422.29,91.23,275.83,1,-1,-1,-1
330,2,1270.09,385.74,111.84,337.34,1,-1,-1,-1
330,47,1457.39,365.08,128.64,387.83,1,-1,-1,-1
330,61,1156.94,391.53,109.37,330.21,1,-1,-1,-1
330,62,1598.06,415.70,95.80,289.62,1,-1,-1,-1
331,2,1285.26,385.92,111.70,336.95,1,-1,-1,-1
331,47,1457.24,365.06,128.65,387.88,1,-1,-1,-1
331,61,1159.24,397.78,106.55,321.69,1,-1,-1,-1
331,62,1597.23,413.41,97.44,294.58,1,-1,-1,-1
332,2,1290.72,385.96,111.69,336.93,1,-1,-1,-1
332,47,1457.14,365.04,128.68,387.97,1,-1,-1,-1
332,61,1155.56,389.40,110.40,333.31,1,-1,-1,-1
332,62,1596.89,412.74,98.00,296.25,1,-1,-1,-1
333,2,1289.56,388.19,117.11,353.28,1,-1,-1,-1
333,47,1457.07,365.02,128.71,388.06,1,-1,-1,-1
333,61,1154.26,386.34,111.81,337.55,1,-1,-1,-1
333,62,1596.75,412.68,98.15,296.66,1,-1,-1,-1
334,2,1289.02,388.99,119.12,359.35,1,-1,-1,-1
334,47,1457.01,365.01,128.74,388.16,1,-1,-1,-1
334,61,1153.87,385.23,112.32,339.08,1,-1,-1,-1
334,62,1596.69,412.82,98.14,296.63,1,-1,-1,-1
335,2,1288.62,389.27,119.91,361.71,1,-1,-1,-1
335,47,1456.96,364.99,128.77,388.24,1,-1,-1,-1
335,61,1153.82,384.88,112.48,339.56,1,-1,-1,-1
335,62,1596.67,413.00,98.09,296.45,1,-1,-1,-1
336,2,1306.10,387.15,114.89,346.60,1,-1,-1,-1
336,47,1456.91,364.98,128.79,388.32,1,-1,-1,-1
336,61,1153.89,384.82,112.51,339.64,1,-1,-1,-1
336,62,1609.65,413.19,98.02,296.24,1,-1,-1,-1
336,63,1729.21,399.47,84.74,256.23,1,-1,-1,-1
337,2,1312.63,386.29,112.95,340.75,1,-1,-1,-1
337,47,1456.88,364.97,128.81,388.38,1,-1,-1,-1
337,61,1153.99,384.86,112.49,339.57,1,-1,-1,-1
337,62,1614.57,413.37,97.96,296.04,1,-1,-1,-1
337,63,1733.41,395.80,84.74,256.23,1,-1,-1,-1
338,2,1314.85,385.97,112.25,338.65,1,-1,-1,-1
338,47,1456.84,364.96,128.83,388.44,1,-1,-1,-1
338,61,1154.10,384.93,112.46,339.47,1,-1,-1,-1
338,62,1609.26,405.26,102.54,309.84,1,-1,-1,-1
338,63,1738.49,392.97,84.74,256.23,1,-1,-1,-1
339,2,1330.54,385.84,112.01,337.93,1,-1,-1,-1
339,47,1456.81,364.95,128.84,388.49,1,-1,-1,-1
339,61,1154.20,385.01,112.43,339.36,1,-1,-1,-1
339,62,1614.22,410.39,99.69,301.21,1,-1,-1,-1
339,63,1730.79,387.42,89.97,272.02,1,-1,-1,-1
340,2,1329.98,371.97,123.07,371.28,1,-1,-1,-1
340,47,1456.79,364.95,128.86,388.54,1,-1,-1,-1
340,61,1159.03,395.93,107.43,324.27,1,-1,-1,-1
340,62,1608.98,404.28,103.14,311.62,1,-1,-1,-1
340,63,1733.00,391.95,86.68,262.08,1,-1,-1,-1
341,2,1335.74,380.20,116.40,351.16,1,-1,-1,-1
341,47,1456.77,364.94,128.87,388.58,1,-1,-1,-1
341,61,1160.95,400.17,105.48,318.41,1,-1,-1,-1
341,62,1607.01,402.06,104.40,315.42,1,-1,-1,-1
341,63,1733.68,393.75,85.44,258.33,1,-1,-1,-1
342,2,1336.90,385.94,118.98,358.96,1,-1,-1,-1
342,47,1466.77,378.67,117.81,355.24,1,-1,-1,-1
342,61,1156.87,390.70,109.82,331.49,1,-1,-1,-1
342,62,1600.39,409.47,100.27,302.92,1,-1,-1,-1
342,63,1733.83,394.46,84.99,256.97,1,-1,-1,-1
343,2,1338.00,385.84,114.62,345.81,1,-1,-1,-1
343,47,1459.86,386.27,119.09,359.12,1,-1,-1,-1
343,61,1155.39,387.24,111.40,336.27,1,-1,-1,-1
343,62,1597.79,412.49,98.59,297.86,1,-1,-1,-1
343,63,1745.41,406.41,84.82,256.47,1,-1,-1,-1
344,2,1353.25,385.79,112.92,340.68,1,-1,-1,-1
344,47,1457.46,388.87,119.54,360.51,1,-1,-1,-1
344,61,1154.85,385.92,112.01,338.08,1,-1,-1,-1
344,62,1596.27,423.66,89.53,270.50,1,-1,-1,-1
344,63,1749.59,410.84,84.76,256.28,1,-1,-1,-1
345,2,1358.71,385.76,112.30,338.81,1,-1,-1,-1
345,47,1466.99,387.52,114.37,344.93,1,-1,-1,-1
345,61,1147.93,371.79,123.23,371.91,1,-1,-1,-1
345,62,1596.31,417.62,94.77,286.31,1,-1,-1,-1
345,63,1751.01,412.44,84.74,256.22,1,-1,-1,-1
346,2,1360.53,385.74,112.08,338.16,1,-1,-1,-1
346,47,1470.60,386.88,112.46,339.17,1,-1,-1,-1
346,61,1145.37,366.57,127.38,384.42,1,-1,-1,-1
346,62,1595.77,417.31,94.77,286.33,1,-1,-1,-1
346,63,1754.05,413.84,84.71,256.13,1,-1,-1,-1
347,2,1361.34,387.96,117.38,354.14,1,-1,-1,-1
347,47,1476.58,397.68,106.72,321.91,1,-1,-1,-1
347,61,1144.40,364.56,128.99,389.26,1,-1,-1,-1
348,2,1361.20,386.59,114.08,344.20,1,-1,-1,-1
348,47,1473.93,390.32,109.84,331.33,1,-1,-1,-1
348,61,1150.71,377.30,118.75,358.34,1,-1,-1,-1
349,2,1370.64,396.99,107.75,325.11,1,-1,-1,-1
349,47,1472.97,387.70,110.96,334.72,1,-1,-1,-1
349,61,1153.33,382.55,114.54,345.64,1,-1,-1,-1
349,67,126.36,530.29,68.64,207.93,1,-1,-1,-1
350,2,1373.96,400.89,105.37,317.95,1,-1,-1,-1
350,47,1478.22,388.89,116.80,352.35,1,-1,-1,-1
350,61,1144.80,386.73,118.41,357.30,1,-1,-1,-1
350,62,1611.22,412.86,85.66,258.82,1,-1,-1,-1
350,67,126.36,530.29,68.64,207.93,1,-1,-1,-1
350,68,1686.35,530.23,68.68,208.18,1,-1,-1,-1
351,2,1375.00,402.25,104.54,315.46,1,-1,-1,-1
351,47,1480.14,389.31,118.99,358.94,1,-1,-1,-1
351,61,1141.73,388.24,119.80,361.50,1,-1,-1,-1
351,62,1625.09,412.47,84.80,256.24,1,-1,-1,-1
351,67,122.00,525.28,72.30,218.99,1,-1,-1,-1
351,68,1686.22,530.11,68.83,208.63,1,-1,-1,-1
352,2,1375.22,402.69,104.27,314.66,1,-1,-1,-1
352,47,1480.81,389.43,119.84,361.52,1,-1,-1,-1
352,61,1140.60,388.83,120.32,363.05,1,-1,-1,-1
352,62,1629.29,412.34,84.52,255.41,1,-1,-1,-1
352,67,120.55,523.62,73.52,222.67,1,-1,-1,-1
352,68,1686.22,530.11,68.83,208.63,1,-1,-1,-1
353,2,1380.51,391.79,109.24,329.66,1,-1,-1,-1
353,47,1482.46,373.60,125.85,379.64,1,-1,-1,-1
353,61,1140.23,389.04,120.49,363.56,1,-1,-1,-1
353,62,1619.18,412.32,84.44,255.19,1,-1,-1,-1
353,67,120.09,523.08,73.91,223.85,1,-1,-1,-1
353,68,1686.25,530.14,68.80,208.53,1,-1,-1,-1
354,2,1382.37,387.77,111.08,335.21,1,-1,-1,-1
354,47,1490.71,381.06,117.30,353.85,1,-1,-1,-1
354,61,1125.61,373.23,126.23,380.85,1,-1,-1,-1
354,62,1615.34,412.33,84.44,255.20,1,-1,-1,-1
354,67,119.97,522.95,74.00,224.13,1,-1,-1,-1
354,68,1689.12,532.64,65.55,198.68,1,-1,-1,-1
354,70,1696.33,389.30,110.43,333.40,1,-1,-1,-1
355,2,1382.92,386.22,111.79,337.37,1,-1,-1,-1
355,47,1497.66,395.20,108.73,328.03,1,-1,-1,-1
355,61,1120.17,367.32,128.37,387.29,1,-1,-1,-1
355,62,1625.36,412.35,84.46,255.28,1,-1,-1,-1
355,67,119.02,521.86,74.80,226.56,1,-1,-1,-1
355,68,1688.38,526.30,71.07,215.40,1,-1,-1,-1
355,70,1698.34,385.24,112.29,339.01,1,-1,-1,-1
356,2,1391.59,396.47,107.11,323.24,1,-1,-1,-1
356,47,1503.27,391.43,116.26,350.75,1,-1,-1,-1
356,61,1118.16,365.06,129.16,389.66,1,-1,-1,-1
356,62,1629.06,412.37,84.49,255.38,1,-1,-1,-1
356,68,1688.50,525.40,71.77,217.50,1,-1,-1,-1
356,70,1708.23,396.10,107.32,324.00,1,-1,-1,-1
357,2,1394.74,400.44,105.30,317.79,1,-1,-1,-1
357,47,1502.19,398.68,108.67,327.86,1,-1,-1,-1
357,61,1117.50,364.26,129.42,390.43,1,-1,-1,-1
357,62,1630.38,412.39,84.52,255.48,1,-1,-1,-1
357,67,119.96,522.95,74.01,224.16,1,-1,-1,-1
357,68,1700.31,531.84,65.80,199.43,1,-1,-1,-1
357,70,1702.13,388.35,110.87,334.71,1,-1,-1,-1
358,2,1395.76,401.88,104.65,315.84,1,-1,-1,-1
358,47,1501.52,401.52,105.64,318.73,1,-1,-1,-1
358,61,1115.97,379.82,123.81,373.50,1,-1,-1,-1
358,62,1632.23,412.12,84.12,254.27,1,-1,-1,-1
358,67,119.35,522.24,74.53,225.71,1,-1,-1,-1
358,68,1703.05,542.47,64.46,195.37,1,-1,-1,-1
358,70,1700.35,388.10,117.61,355.06,1,-1,-1,-1
359,2,1399.46,397.60,99.74,301.04,1,-1,-1,-1
359,47,1501.19,402.48,104.57,315.54,1,-1,-1,-1
359,61,1116.94,369.83,127.36,384.20,1,-1,-1,-1
359,68,1708.83,545.81,61.09,185.15,1,-1,-1,-1
359,70,1699.64,388.07,120.04,362.35,1,-1,-1,-1
360,2,1414.02,409.29,97.91,295.56,1,-1,-1,-1
360,47,1515.18,402.77,104.23,314.51,1,-1,-1,-1
360,61,1117.33,366.20,128.65,388.06,1,-1,-1,-1
360,68,1713.28,535.67,66.03,200.13,1,-1,-1,-1
360,70,1699.30,388.16,120.87,364.84,1,-1,-1,-1
361,2,1419.14,413.48,97.29,293.69,1,-1,-1,-1
361,47,1517.52,391.80,109.19,329.48,1,-1,-1,-1
361,61,1115.36,363.71,135.19,407.78,1,-1,-1,-1
361,67,120.13,523.14,73.88,223.73,1,-1,-1,-1
361,68,1714.81,532.17,67.73,205.28,1,-1,-1,-1
361,70,1713.78,386.04,115.73,349.32,1,-1,-1,-1
362,2,1420.84,414.95,97.10,293.14,1,-1,-1,-1
362,47,1518.30,387.76,111.02,335.01,1,-1,-1,-1
362,61,1114.65,362.81,137.65,415.17,1,-1,-1,-1
362,67,119.78,522.74,74.17,224.61,1,-1,-1,-1
362,68,1717.33,531.80,67.99,206.04,1,-1,-1,-1
362,70,1719.30,385.31,113.63,342.99,1,-1,-1,-1
363,2,1434.46,415.41,97.07,293.06,1,-1,-1,-1
363,47,1526.23,372.47,117.05,353.18,1,-1,-1,-1
363,61,1114.45,362.51,138.56,417.89,1,-1,-1,-1
363,67,120.24,523.26,73.79,223.45,1,-1,-1,-1
363,70,1738.97,371.05,118.26,356.93,1,-1,-1,-1
364,2,1437.75,407.14,101.78,307.29,1,-1,-1,-1
364,47,1536.18,380.24,114.10,344.29,1,-1,-1,-1
364,61,1114.45,362.46,138.86,418.77,1,-1,-1,-1
364,62,1663.31,412.45,84.61,255.76,1,-1,-1,-1
364,67,119.97,522.96,74.01,224.12,1,-1,-1,-1
364,70,1746.08,365.89,119.93,361.98,1,-1,-1,-1
365,2,1438.84,404.07,103.53,312.57,1,-1,-1,-1
365,47,1539.92,383.45,112.89,340.65,1,-1,-1,-1
365,61,1116.71,363.62,132.86,400.66,1,-1,-1,-1
365,62,1665.16,412.49,84.66,255.93,1,-1,-1,-1
365,70,1745.60,364.10,126.22,380.93,1,-1,-1,-1
366,2,1449.77,404.97,95.31,287.76,1,-1,-1,-1
366,47,1541.17,384.69,112.43,339.26,1,-1,-1,-1
366,61,1115.41,362.98,136.65,412.08,1,-1,-1,-1
366,62,1668.51,412.40,84.53,255.52,1,-1,-1,-1
366,70,1750.28,360.98,128.03,386.40,1,-1,-1,-1
367,2,1451.15,391.90,106.47,321.44,1,-1,-1,-1
367,47,1541.50,385.18,112.25,338.73,1,-1,-1,-1
367,61,1114.96,362.76,138.02,416.20,1,-1,-1,-1
367,70,1785.98,391.75,110.52,333.54,1,-1,-1,-1
368,2,1451.74,387.46,110.25,332.86,1,-1,-1,-1
368,47,1543.12,396.25,107.20,323.51,1,-1,-1,-1
368,61,1100.03,363.85,132.44,399.37,1,-1,-1,-1
368,62,1680.09,416.26,79.85,241.42,1,-1,-1,-1
368,70,1794.99,399.21,106.27,320.73,1,-1,-1,-1
369,2,1457.83,391.73,102.35,309.02,1,-1,-1,-1
369,47,1543.55,400.50,105.27,317.70,1,-1,-1,-1
369,61,1090.77,363.16,136.42,411.35,1,-1,-1,-1
369,62,1683.92,416.57,79.28,239.69,1,-1,-1,-1
369,70,1797.85,401.56,104.93,316.69,1,-1,-1,-1
370,2,1459.29,398.39,103.84,313.50,1,-1,-1,-1
370,47,1557.09,390.97,109.64,330.89,1,-1,-1,-1
370,61,1090.90,364.06,131.79,397.40,1,-1,-1,-1
370,70,1805.15,402.85,104.22,314.55,1,-1,-1,-1
371,2,1460.38,396.07,99.74,301.14,1,-1,-1,-1
371,47,1562.59,398.28,106.30,320.82,1,-1,-1,-1
371,61,1087.61,363.29,136.14,410.52,1,-1,-1,-1
371,71,47.00,227.27,225.27,677.82,1,-1,-1,-1
372,2,1460.57,408.39,98.15,296.37,1,-1,-1,-1
372,47,1573.57,409.51,100.30,302.72,1,-1,-1,-1
372,61,1089.92,364.15,131.66,397.00,1,-1,-1,-1
372,70,1778.21,391.32,117.76,355.41,1,-1,-1,-1
372,71,78.29,247.94,213.74,643.12,1,-1,-1,-1
373,2,1454.17,393.53,107.32,324.03,1,-1,-1,-1
373,47,1577.44,413.66,98.08,296.04,1,-1,-1,-1
373,61,1087.46,363.36,136.08,410.30,1,-1,-1,-1
373,70,1774.63,389.70,119.71,361.28,1,-1,-1,-1
373,71,92.25,268.32,221.50,666.49,1,-1,-1,-1
374,2,1466.00,412.59,97.07,293.12,1,-1,-1,-1
374,47,1584.09,395.47,107.17,323.48,1,-1,-1,-1
374,61,1086.61,363.08,137.69,415.15,1,-1,-1,-1
374,70,1771.32,373.37,126.07,380.43,1,-1,-1,-1
374,71,107.86,279.32,220.89,664.65,1,-1,-1,-1
375,2,1470.68,420.58,92.75,280.09,1,-1,-1,-1
375,47,1586.45,389.04,110.39,333.18,1,-1,-1,-1
375,61,1086.37,362.98,138.29,416.95,1,-1,-1,-1
375,70,1772.69,371.31,127.70,385.36,1,-1,-1,-1
375,71,152.72,279.03,200.08,602.05,1,-1,-1,-1
376,2,1472.22,423.37,91.23,275.53,1,-1,-1,-1
376,47,1587.14,386.50,111.66,337.02,1,-1,-1,-1
376,61,1086.37,362.97,138.49,417.56,1,-1,-1,-1
376,71,191.69,279.67,195.93,589.57,1,-1,-1,-1
377,2,1477.46,418.19,95.14,287.33,1,-1,-1,-1
377,47,1600.66,396.32,107.21,323.59,1,-1,-1,-1
377,61,1068.16,362.97,138.55,417.72,1,-1,-1,-1
377,71,219.94,292.68,185.44,558.03,1,-1,-1,-1
378,2,1479.29,416.28,96.57,291.64,1,-1,-1,-1
378,47,1607.01,389.21,110.48,333.47,1,-1,-1,-1
378,61,1061.32,362.99,138.55,417.71,1,-1,-1,-1
378,71,239.63,283.87,191.32,575.75,1,-1,-1,-1
379,2,1479.84,415.50,97.13,293.34,1,-1,-1,-1
379,47,1609.22,386.63,111.67,337.06,1,-1,-1,-1
379,61,1049.92,340.79,145.09,437.41,1,-1,-1,-1
379,71,260.05,293.21,184.44,555.07,1,-1,-1,-1
380,2,1480.19,406.90,101.99,308.00,1,-1,-1,-1
380,47,1608.54,396.45,107.18,323.51,1,-1,-1,-1
380,61,1045.74,332.51,147.52,444.73,1,-1,-1,-1
380,71,292.58,268.24,200.91,604.64,1,-1,-1,-1
381,2,1475.74,393.01,108.69,328.21,1,-1,-1,-1
381,47,1615.20,408.68,100.72,304.01,1,-1,-1,-1
381,61,1044.30,329.39,148.43,447.45,1,-1,-1,-1
381,71,303.80,259.61,206.60,621.77,1,-1,-1,-1
382,2,1478.41,398.20,106.44,321.42,1,-1,-1,-1
382,47,1624.46,390.36,103.09,311.18,1,-1,-1,-1
382,61,1030.23,322.80,155.70,469.34,1,-1,-1,-1
382,71,319.86,270.93,199.60,600.69,1,-1,-1,-1
383,2,1486.50,402.50,96.55,291.58,1,-1,-1,-1
383,47,1633.86,393.12,99.28,299.70,1,-1,-1,-1
383,61,1038.49,325.80,151.57,456.87,1,-1,-1,-1
383,71,339.91,260.26,206.35,621.02,1,-1,-1,-1
384,2,1489.51,404.25,92.65,279.83,1,-1,-1,-1
384,47,1637.16,394.23,97.84,295.38,1,-1,-1,-1
384,61,1031.51,314.19,164.37,495.41,1,-1,-1,-1
384,71,357.76,271.10,199.55,600.58,1,-1,-1,-1
385,2,1492.19,403.93,91.99,277.83,1,-1,-1,-1
385,47,1631.86,399.46,102.07,308.14,1,-1,-1,-1
385,61,1028.96,309.94,169.07,509.53,1,-1,-1,-1
385,71,380.47,260.28,206.36,621.07,1,-1,-1,-1
386,2,1490.75,404.98,91.02,274.93,1,-1,-1,-1
386,47,1632.21,390.55,108.56,327.74,1,-1,-1,-1
386,61,1024.96,315.67,163.52,492.78,1,-1,-1,-1
386,71,411.86,300.03,175.43,528.01,1,-1,-1,-1
387,2,1492.95,404.82,90.33,272.82,1,-1,-1,-1
387,47,1648.67,393.17,101.63,306.82,1,-1,-1,-1
387,61,1023.59,318.16,161.16,485.67,1,-1,-1,-1
387,71,419.03,308.09,171.01,514.75,1,-1,-1,-1
388,47,1649.67,384.89,103.52,312.52,1,-1,-1,-1
388,61,1023.22,319.20,160.21,482.79,1,-1,-1,-1
388,71,444.62,310.67,169.60,510.54,1,-1,-1,-1
389,2,1498.00,396.30,96.30,290.85,1,-1,-1,-1
389,47,1655.20,391.12,99.56,300.60,1,-1,-1,-1
389,61,1023.21,319.68,159.81,481.56,1,-1,-1,-1
389,71,454.44,319.11,161.44,486.02,1,-1,-1,-1
390,2,1512.00,395.07,97.13,293.37,1,-1,-1,-1
390,47,1657.07,393.58,98.05,296.03,1,-1,-1,-1
390,61,1004.00,312.47,167.14,503.63,1,-1,-1,-1
390,71,479.00,314.16,166.51,501.28,1,-1,-1,-1
391,2,1517.02,394.64,97.43,294.27,1,-1,-1,-1
391,47,1657.59,394.50,97.50,294.40,1,-1,-1,-1
391,61,996.89,309.82,169.86,511.81,1,-1,-1,-1
391,71,505.53,325.58,153.52,462.23,1,-1,-1,-1
392,2,1524.50,401.34,93.22,281.59,1,-1,-1,-1
392,47,1657.63,407.97,97.32,293.87,1,-1,-1,-1
392,61,992.59,316.24,163.43,492.41,1,-1,-1,-1
392,71,519.05,305.82,172.62,519.74,1,-1,-1,-1
393,2,1539.16,408.80,87.50,264.31,1,-1,-1,-1
393,47,1657.50,412.97,97.28,293.73,1,-1,-1,-1
393,61,991.19,318.89,160.80,484.51,1,-1,-1,-1
393,71,522.43,287.54,187.38,564.16,1,-1,-1,-1
394,2,1544.73,406.66,89.55,270.53,1,-1,-1,-1
394,47,1670.41,401.69,97.28,293.74,1,-1,-1,-1
394,61,990.84,319.93,159.80,481.47,1,-1,-1,-1
394,71,548.16,292.00,184.81,556.42,1,-1,-1,-1
395,2,1546.62,405.89,90.28,272.75,1,-1,-1,-1
395,47,1673.85,404.28,92.94,280.67,1,-1,-1,-1
395,61,990.88,320.35,159.40,480.27,1,-1,-1,-1
395,71,557.45,293.87,183.70,553.09,1,-1,-1,-1
396,2,1542.23,398.72,94.92,286.76,1,-1,-1,-1
396,47,1676.22,411.53,95.75,289.15,1,-1,-1,-1
396,61,970.08,313.05,166.81,502.57,1,-1,-1,-1
396,71,560.39,282.55,191.92,577.81,1,-1,-1,-1
397,2,1545.29,402.79,92.39,279.13,1,-1,-1,-1
397,47,1677.00,401.12,96.76,292.22,1,-1,-1,-1
397,61,962.22,317.70,162.13,488.46,1,-1,-1,-1
397,71,561.15,278.35,194.96,586.98,1,-1,-1,-1
398,2,1546.27,404.44,91.38,276.09,1,-1,-1,-1
398,47,1688.02,403.95,92.83,280.38,1,-1,-1,-1
398,61,959.67,312.10,167.81,505.57,1,-1,-1,-1
398,71,584.55,288.65,187.56,564.69,1,-1,-1,-1
399,2,1558.66,405.05,91.01,274.96,1,-1,-1,-1
399,47,1692.05,405.03,91.34,275.88,1,-1,-1,-1
399,61,958.62,317.44,162.44,489.39,1,-1,-1,-1
399,71,592.88,292.76,184.59,555.74,1,-1,-1,-1
399,76,1189.21,450.49,58.76,178.26,1,-1,-1,-1
400,2,1563.16,405.28,90.87,274.57,1,-1,-1,-1
400,47,1705.70,405.40,90.82,274.32,1,-1,-1,-1
400,61,931.25,302.35,176.05,530.36,1,-1,-1,-1
400,71,614.79,303.99,175.32,527.87,1,-1,-1,-1
400,76,1198.40,449.70,59.57,180.72,1,-1,-1,-1
401,2,1564.67,405.36,90.83,274.44,1,-1,-1,-1
401,47,1710.57,405.53,90.65,273.83,1,-1,-1,-1
401,61,925.86,306.25,173.12,521.52,1,-1,-1,-1
401,71,637.56,315.87,164.09,494.08,1,-1,-1,-1
401,76,1201.68,449.02,60.27,182.85,1,-1,-1,-1
402,2,1565.08,405.39,90.82,274.42,1,-1,-1,-1
402,47,1712.17,405.55,90.61,273.73,1,-1,-1,-1
402,61,924.14,307.96,171.83,517.62,1,-1,-1,-1
402,71,653.09,312.40,167.85,505.41,1,-1,-1,-1
403,2,1565.08,405.39,90.82,274.43,1,-1,-1,-1
403,47,1702.46,398.64,94.99,286.93,1,-1,-1,-1
403,61,901.18,308.66,171.29,515.99,1,-1,-1,-1
403,71,671.81,318.70,161.56,486.51,1,-1,-1,-1
403,76,1209.49,443.33,63.72,193.28,1,-1,-1,-1
404,2,1564.94,405.39,90.83,274.45,1,-1,-1,-1
404,47,1711.63,396.09,96.61,291.83,1,-1,-1,-1
404,61,892.76,308.97,171.05,515.25,1,-1,-1,-1
404,71,694.52,330.68,145.26,437.45,1,-1,-1,-1
404,76,1213.00,441.86,64.79,196.53,1,-1,-1,-1
405,2,1576.94,405.39,90.84,274.48,1,-1,-1,-1
405,47,1712.09,401.91,92.95,280.78,1,-1,-1,-1
405,61,883.62,299.51,179.01,539.20,1,-1,-1,-1
405,71,707.07,324.94,153.81,463.22,1,-1,-1,-1
406,2,1581.34,405.38,90.84,274.50,1,-1,-1,-1
406,47,1715.07,397.27,95.90,289.69,1,-1,-1,-1
406,61,880.38,296.00,181.97,548.09,1,-1,-1,-1
406,71,699.33,315.55,164.20,494.52,1,-1,-1,-1
407,2,1582.85,405.38,90.85,274.52,1,-1,-1,-1
407,47,1725.11,402.38,92.68,279.99,1,-1,-1,-1
407,61,869.41,282.81,191.61,577.10,1,-1,-1,-1
407,71,718.33,311.97,168.15,506.40,1,-1,-1,-1
408,2,1592.65,410.15,86.81,262.34,1,-1,-1,-1
408,47,1732.77,397.46,95.80,289.41,1,-1,-1,-1
408,61,865.41,277.82,195.25,588.04,1,-1,-1,-1
408,71,732.55,312.20,168.23,506.65,1,-1,-1,-1
409,2,1596.18,411.96,85.27,257.71,1,-1,-1,-1
409,47,1731.61,402.46,92.66,279.91,1,-1,-1,-1
409,61,850.40,287.79,188.10,566.51,1,-1,-1,-1
410,2,1608.79,412.60,84.73,256.08,1,-1,-1,-1
410,47,1725.67,376.18,105.52,318.74,1,-1,-1,-1
410,61,844.91,291.91,185.14,557.58,1,-1,-1,-1
411,2,1613.27,412.81,84.55,255.55,1,-1,-1,-1
411,47,1719.88,386.97,100.92,304.84,1,-1,-1,-1
411,61,843.14,293.51,183.98,554.07,1,-1,-1,-1
412,2,1614.73,412.86,84.51,255.42,1,-1,-1,-1
412,47,1730.21,391.75,98.87,298.67,1,-1,-1,-1
412,61,842.77,294.16,183.51,552.63,1,-1,-1,-1
413,2,1618.76,408.05,88.58,267.73,1,-1,-1,-1
413,47,1742.27,400.46,93.75,283.19,1,-1,-1,-1
413,61,830.97,282.38,191.97,578.09,1,-1,-1,-1
414,2,1620.15,406.27,90.09,272.29,1,-1,-1,-1
414,47,1734.30,403.79,91.79,277.28,1,-1,-1,-1
414,61,814.61,289.86,186.59,561.89,1,-1,-1,-1
415,2,1628.13,410.30,86.67,261.98,1,-1,-1,-1
415,47,1743.62,405.00,91.08,275.16,1,-1,-1,-1
415,61,794.83,280.82,193.08,581.41,1,-1,-1,-1
416,2,1630.99,411.88,85.34,257.94,1,-1,-1,-1
416,47,1746.95,405.42,90.83,274.42,1,-1,-1,-1
416,61,787.69,277.51,195.46,588.55,1,-1,-1,-1
417,2,1643.28,412.46,84.85,256.48,1,-1,-1,-1
417,47,1748.07,405.56,90.76,274.19,1,-1,-1,-1
417,61,785.30,276.31,196.32,591.14,1,-1,-1,-1
418,2,1647.68,412.66,84.68,255.97,1,-1,-1,-1
418,47,1748.36,405.59,90.74,274.16,1,-1,-1,-1
418,61,784.74,275.92,196.60,591.95,1,-1,-1,-1
419,2,1649.12,412.72,84.63,255.82,1,-1,-1,-1
419,47,1750.41,410.37,86.69,261.92,1,-1,-1,-1
419,61,772.68,243.38,215.80,649.71,1,-1,-1,-1
420,2,1642.51,407.93,88.67,268.05,1,-1,-1,-1
420,47,1751.03,412.16,85.16,257.33,1,-1,-1,-1
420,61,755.04,262.69,204.42,615.45,1,-1,-1,-1
420,78,1789.10,384.04,94.26,285.16,1,-1,-1,-1
421,2,1646.78,410.86,86.20,260.58,1,-1,-1,-1
421,47,1761.48,407.92,88.75,268.18,1,-1,-1,-1
421,61,748.34,271.10,199.44,600.45,1,-1,-1,-1
421,78,1788.97,384.14,94.38,285.50,1,-1,-1,-1
422,2,1659.70,412.02,85.21,257.60,1,-1,-1,-1
422,47,1765.21,406.37,90.06,272.14,1,-1,-1,-1
422,61,725.81,259.46,206.87,622.79,1,-1,-1,-1
422,71,897.22,329.21,148.69,447.85,1,-1,-1,-1
423,2,1664.37,412.45,84.85,256.50,1,-1,-1,-1
423,47,1778.99,410.51,86.55,261.55,1,-1,-1,-1
423,61,737.63,269.77,200.43,603.40,1,-1,-1,-1
423,71,900.16,329.65,148.13,446.21,1,-1,-1,-1
424,2,1665.94,412.60,84.72,256.12,1,-1,-1,-1
424,47,1772.63,412.09,85.20,257.48,1,-1,-1,-1
424,61,722.48,259.10,207.15,623.60,1,-1,-1,-1
424,71,917.40,333.78,141.17,425.30,1,-1,-1,-1
424,78,1817.17,394.84,85.22,257.79,1,-1,-1,-1
425,2,1666.36,412.65,84.68,255.99,1,-1,-1,-1
425,47,1768.89,407.81,88.82,268.41,1,-1,-1,-1
425,61,717.05,255.19,209.60,630.97,1,-1,-1,-1
425,71,927.46,331.23,145.51,438.37,1,-1,-1,-1
425,78,1819.50,395.73,84.46,255.50,1,-1,-1,-1
426,2,1666.36,412.66,84.67,255.97,1,-1,-1,-1
426,47,1767.46,406.25,90.14,272.42,1,-1,-1,-1
426,61,689.85,236.09,220.36,663.33,1,-1,-1,-1
426,71,944.25,353.92,128.40,386.88,1,-1,-1,-1
426,78,1820.23,396.01,84.23,254.78,1,-1,-1,-1
427,2,1677.53,412.66,84.67,255.98,1,-1,-1,-1
427,47,1779.27,410.38,86.64,261.85,1,-1,-1,-1
427,61,677.64,246.33,214.68,646.23,1,-1,-1,-1
427,71,935.38,337.71,141.55,426.52,1,-1,-1,-1
427,78,1821.59,390.24,88.39,267.35,1,-1,-1,-1
428,2,1676.32,407.87,88.72,268.22,1,-1,-1,-1
428,47,1795.66,407.14,89.38,270.13,1,-1,-1,-1
428,61,645.69,232.82,222.22,668.89,1,-1,-1,-1
428,71,956.48,355.83,133.09,401.05,1,-1,-1,-1
428,78,1824.88,390.54,88.07,266.39,1,-1,-1,-1
429,2,1680.97,410.78,86.26,260.78,1,-1,-1,-1
429,47,1801.13,410.69,86.37,261.04,1,-1,-1,-1
429,61,634.03,227.86,224.99,677.20,1,-1,-1,-1
429,71,969.85,362.93,123.82,373.18,1,-1,-1,-1
430,2,1692.87,414.90,81.48,246.35,1,-1,-1,-1
430,47,1803.40,407.24,89.29,269.85,1,-1,-1,-1
430,61,600.56,226.08,225.98,680.16,1,-1,-1,-1
430,71,986.34,365.41,126.59,381.54,1,-1,-1,-1
431,2,1686.33,416.45,79.67,240.90,1,-1,-1,-1
431,47,1811.36,399.19,94.64,286.03,1,-1,-1,-1
431,61,588.13,225.55,226.27,681.02,1,-1,-1,-1
431,71,996.25,366.13,121.74,366.95,1,-1,-1,-1
432,2,1683.83,417.00,79.04,238.99,1,-1,-1,-1
432,47,1818.96,402.83,92.45,279.40,1,-1,-1,-1
432,61,585.75,243.20,216.41,651.34,1,-1,-1,-1
432,71,994.76,366.27,125.95,379.67,1,-1,-1,-1
433,2,1683.15,402.72,82.65,249.90,1,-1,-1,-1
433,47,1820.51,409.10,87.50,264.46,1,-1,-1,-1
433,61,583.74,232.14,222.58,669.87,1,-1,-1,-1
433,71,1004.16,346.58,133.66,402.90,1,-1,-1,-1
434,2,1692.99,411.64,80.24,242.63,1,-1,-1,-1
434,47,1822.05,406.65,89.71,271.14,1,-1,-1,-1
434,61,579.15,238.76,235.39,708.40,1,-1,-1,-1
434,71,1007.42,339.19,136.56,411.64,1,-1,-1,-1
435,2,1707.40,415.20,79.30,239.82,1,-1,-1,-1
435,47,1821.34,410.51,86.49,261.40,1,-1,-1,-1
435,61,556.35,248.29,220.09,662.36,1,-1,-1,-1
435,71,1015.31,338.68,131.62,396.78,1,-1,-1,-1
436,2,1723.28,416.51,78.97,238.82,1,-1,-1,-1
436,47,1825.03,414.99,81.42,246.09,1,-1,-1,-1
436,61,537.66,244.99,234.67,706.22,1,-1,-1,-1
436,71,1035.24,355.91,129.70,390.99,1,-1,-1,-1
437,2,1729.00,416.99,78.86,238.50,1,-1,-1,-1
437,47,1826.20,416.63,79.54,240.45,1,-1,-1,-1
437,61,531.02,243.82,239.86,721.80,1,-1,-1,-1
437,71,1042.26,362.27,129.01,388.92,1,-1,-1,-1
438,2,1733.59,414.19,82.63,249.89,1,-1,-1,-1
438,47,1826.49,417.18,78.90,238.52,1,-1,-1,-1
438,61,497.51,243.39,241.80,727.64,1,-1,-1,-1
438,71,1052.07,363.99,128.35,386.93,1,-1,-1,-1
439,2,1735.17,413.16,84.03,254.11,1,-1,-1,-1
439,47,1826.48,417.35,78.70,237.92,1,-1,-1,-1
439,61,484.99,243.24,242.46,729.59,1,-1,-1,-1
439,71,1066.74,364.97,121.91,367.54,1,-1,-1,-1
440,2,1735.54,412.75,84.57,255.73,1,-1,-1,-1
440,47,1826.36,417.38,78.65,237.81,1,-1,-1,-1
440,61,480.72,243.21,242.62,730.06,1,-1,-1,-1
440,71,1077.08,366.60,120.62,363.65,1,-1,-1,-1
441,2,1746.70,412.60,84.76,256.33,1,-1,-1,-1
441,47,1826.21,417.36,78.67,237.87,1,-1,-1,-1
441,61,468.39,220.59,253.97,764.17,1,-1,-1,-1
442,2,1747.41,415.46,81.08,245.21,1,-1,-1,-1
442,47,1828.25,417.98,78.02,235.91,1,-1,-1,-1
442,61,443.82,234.36,247.01,743.22,1,-1,-1,-1
443,2,1747.39,416.56,79.65,240.89,1,-1,-1,-1
443,61,421.20,217.20,255.52,768.79,1,-1,-1,-1
443,71,1094.22,365.55,127.77,385.22,1,-1,-1,-1
444,2,1750.64,413.99,82.94,250.84,1,-1,-1,-1
444,61,396.33,184.43,270.70,814.42,1,-1,-1,-1
444,71,1103.15,366.58,127.59,384.70,1,-1,-1,-1
445,2,1759.89,427.01,76.95,232.72,1,-1,-1,-1
445,61,387.13,171.92,276.47,831.74,1,-1,-1,-1
445,71,1115.60,365.38,121.85,367.39,1,-1,-1,-1
446,2,1762.16,420.66,78.17,236.45,1,-1,-1,-1
446,61,367.31,193.48,266.61,802.06,1,-1,-1,-1
446,71,1135.82,365.21,120.56,363.52,1,-1,-1,-1
447,2,1762.89,418.40,78.61,237.78,1,-1,-1,-1
447,61,340.81,175.47,274.75,826.52,1,-1,-1,-1
447,71,1142.60,365.15,120.12,362.23,1,-1,-1,-1
447,80,1814.83,377.85,96.00,290.11,1,-1,-1,-1
448,2,1765.93,409.81,86.62,261.98,1,-1,-1,-1
448,61,331.29,168.89,277.71,835.41,1,-1,-1,-1
448,71,1144.75,365.10,119.99,361.83,1,-1,-1,-1
448,80,1813.03,374.96,97.62,294.99,1,-1,-1,-1
449,2,1764.20,424.30,82.02,248.08,1,-1,-1,-1
449,61,328.25,166.53,278.74,838.47,1,-1,-1,-1
449,71,1145.18,365.06,119.96,361.77,1,-1,-1,-1
449,80,1810.87,371.49,99.56,300.86,1,-1,-1,-1
449,81,1391.75,442.81,63.95,193.73,1,-1,-1,-1
450,2,1778.79,405.28,83.87,253.67,1,-1,-1,-1
450,61,313.06,192.44,266.87,802.75,1,-1,-1,-1
450,71,1161.13,365.03,119.98,361.82,1,-1,-1,-1
450,81,1402.17,442.70,63.82,193.32,1,-1,-1,-1
450,82,42.62,259.29,206.96,623.01,1,-1,-1,-1
451,2,1783.32,403.93,84.20,254.67,1,-1,-1,-1
451,61,285.80,175.61,274.49,825.64,1,-1,-1,-1
451,71,1170.16,365.44,119.44,360.22,1,-1,-1,-1
451,81,1405.27,452.38,63.82,193.33,1,-1,-1,-1
451,82,43.32,253.76,210.44,633.48,1,-1,-1,-1
452,2,1771.96,397.03,84.68,256.10,1,-1,-1,-1
452,61,239.76,169.51,277.24,833.91,1,-1,-1,-1
452,81,1408.37,448.99,67.18,203.51,1,-1,-1,-1
452,82,44.17,247.10,214.63,646.07,1,-1,-1,-1
453,2,1774.88,395.12,85.03,257.15,1,-1,-1,-1
453,61,222.66,167.30,278.22,836.83,1,-1,-1,-1
453,81,1416.01,445.13,65.16,197.40,1,-1,-1,-1
454,2,1753.74,388.32,89.64,271.09,1,-1,-1,-1
454,61,188.21,174.46,291.59,877.01,1,-1,-1,-1
454,81,1418.59,443.60,64.37,195.00,1,-1,-1,-1
455,2,1749.49,386.61,90.70,274.26,1,-1,-1,-1
455,61,167.91,169.50,283.71,853.30,1,-1,-1,-1
455,81,1419.30,443.05,64.08,194.15,1,-1,-1,-1
456,2,1739.76,378.40,95.35,288.28,1,-1,-1,-1
456,61,161.03,167.67,280.39,843.29,1,-1,-1,-1
456,81,1428.21,442.86,63.98,193.85,1,-1,-1,-1
456,83,1793.45,375.18,97.43,294.15,1,-1,-1,-1
457,2,1736.09,375.35,97.09,293.53,1,-1,-1,-1
457,61,127.69,175.01,292.24,878.91,1,-1,-1,-1
457,81,1431.32,442.80,63.95,193.77,1,-1,-1,-1
457,83,1793.39,375.02,97.22,293.53,1,-1,-1,-1
458,2,1725.79,366.36,107.13,323.83,1,-1,-1,-1
458,61,115.69,177.77,296.61,892.03,1,-1,-1,-1
458,71,1237.60,364.92,120.09,362.19,1,-1,-1,-1
458,81,1432.27,442.78,63.94,193.75,1,-1,-1,-1
458,83,1779.18,379.31,102.46,309.36,1,-1,-1,-1
459,2,1730.51,370.64,101.82,307.74,1,-1,-1,-1
459,61,75.79,145.63,312.12,938.66,1,-1,-1,-1
459,71,1240.68,364.86,120.16,362.41,1,-1,-1,-1
459,81,1441.15,442.79,63.95,193.76,1,-1,-1,-1
459,83,1787.93,376.69,99.27,299.72,1,-1,-1,-1
460,2,1716.75,380.38,95.13,287.53,1,-1,-1,-1
460,61,61.04,133.42,317.97,956.21,1,-1,-1,-1
460,71,1249.43,364.98,120.00,361.93,1,-1,-1,-1
460,81,1444.30,442.79,63.95,193.78,1,-1,-1,-1
460,83,1777.54,375.68,98.03,295.98,1,-1,-1,-1
461,2,1714.18,378.71,95.81,289.57,1,-1,-1,-1
461,61,50.74,154.07,293.40,882.33,1,-1,-1,-1
461,81,1453.95,442.80,63.95,193.80,1,-1,-1,-1
461,83,1768.13,383.45,93.04,280.94,1,-1,-1,-1
462,47,1822.51,419.06,73.66,222.79,1,-1,-1,-1
462,61,50.84,170.74,296.69,892.20,1,-1,-1,-1
462,81,1457.39,442.81,63.96,193.82,1,-1,-1,-1
462,83,1757.02,378.07,95.85,289.42,1,-1,-1,-1
463,47,1822.29,419.05,73.60,222.65,1,-1,-1,-1
463,61,32.79,170.15,298.45,897.48,1,-1,-1,-1
463,81,1458.49,442.82,63.96,193.83,1,-1,-1,-1
463,83,1753.29,376.21,96.83,292.40,1,-1,-1,-1
464,47,1822.22,419.04,73.58,222.61,1,-1,-1,-1
464,81,1462.90,442.73,63.90,193.66,1,-1,-1,-1
464,83,1747.36,395.72,92.81,280.27,1,-1,-1,-1
465,47,1822.20,419.03,73.58,222.62,1,-1,-1,-1
465,82,251.93,253.20,210.80,634.54,1,-1,-1,-1
465,83,1736.91,382.56,95.78,289.25,1,-1,-1,-1
466,2,1658.48,402.78,91.49,276.53,1,-1,-1,-1
466,47,1822.21,419.03,73.58,222.65,1,-1,-1,-1
466,82,257.12,253.89,210.38,633.24,1,-1,-1,-1
466,83,1730.95,382.94,95.54,288.51,1,-1,-1,-1
467,2,1648.68,410.01,86.74,262.17,1,-1,-1,-1
467,47,1824.02,417.70,77.12,233.35,1,-1,-1,-1
467,82,286.91,281.64,191.81,577.37,1,-1,-1,-1
468,2,1638.43,407.36,89.42,270.27,1,-1,-1,-1
468,47,1832.62,418.51,74.97,226.86,1,-1,-1,-1
468,82,297.08,291.99,184.89,556.55,1,-1,-1,-1
469,2,1630.55,411.19,86.32,260.90,1,-1,-1,-1
469,47,1836.00,418.83,74.11,224.26,1,-1,-1,-1
469,82,301.10,267.23,201.45,606.40,1,-1,-1,-1
470,2,1627.93,412.60,85.13,257.31,1,-1,-1,-1
470,47,1838.80,428.12,70.48,213.32,1,-1,-1,-1
470,82,315.33,273.42,197.91,595.74,1,-1,-1,-1
471,2,1619.38,408.20,88.81,268.45,1,-1,-1,-1
471,47,1839.80,431.62,69.12,209.20,1,-1,-1,-1
471,81,1482.99,442.84,63.97,193.87,1,-1,-1,-1
471,82,320.10,275.89,196.50,591.49,1,-1,-1,-1
472,2,1612.79,411.32,86.15,260.41,1,-1,-1,-1
472,47,1840.11,432.85,68.64,207.77,1,-1,-1,-1
472,81,1483.75,442.85,63.98,193.90,1,-1,-1,-1
472,82,336.53,261.74,205.44,618.39,1,-1,-1,-1
473,2,1601.99,407.65,89.21,269.66,1,-1,-1,-1
473,47,1840.17,433.25,68.48,207.30,1,-1,-1,-1
473,81,1487.03,442.83,63.96,193.85,1,-1,-1,-1
473,82,353.27,271.24,199.49,600.48,1,-1,-1,-1
473,84,1681.54,395.42,84.66,255.71,1,-1,-1,-1
474,2,1598.83,413.94,82.58,249.63,1,-1,-1,-1
474,47,1840.15,433.35,68.44,207.20,1,-1,-1,-1
474,82,359.07,275.02,197.12,593.35,1,-1,-1,-1
474,84,1661.45,395.08,94.27,284.74,1,-1,-1,-1
475,2,1594.60,413.36,83.85,253.47,1,-1,-1,-1
475,47,1840.10,433.34,68.44,207.22,1,-1,-1,-1
475,71,1352.52,380.84,104.81,316.18,1,-1,-1,-1
475,82,360.74,276.41,196.24,590.72,1,-1,-1,-1
475,84,1654.89,389.31,92.57,279.63,1,-1,-1,-1
476,2,1593.78,401.44,92.72,280.27,1,-1,-1,-1
476,47,1840.04,433.30,68.46,207.28,1,-1,-1,-1
476,71,1354.24,381.22,104.43,315.08,1,-1,-1,-1
476,82,376.00,298.79,179.00,538.86,1,-1,-1,-1
476,84,1662.96,382.91,101.44,306.40,1,-1,-1,-1
477,2,1582.05,408.32,87.88,265.64,1,-1,-1,-1
477,47,1839.99,433.24,68.48,207.35,1,-1,-1,-1
477,71,1354.97,381.36,104.28,314.68,1,-1,-1,-1
477,82,374.39,297.24,180.90,544.57,1,-1,-1,-1
477,84,1643.79,390.05,99.77,301.35,1,-1,-1,-1
478,2,1566.18,411.21,85.82,259.44,1,-1,-1,-1
478,47,1839.95,433.19,68.50,207.42,1,-1,-1,-1
478,71,1359.31,384.51,109.34,329.94,1,-1,-1,-1
478,82,391.39,284.40,190.40,573.17,1,-1,-1,-1
478,84,1636.95,400.13,94.44,285.26,1,-1,-1,-1
479,2,1549.15,412.27,85.06,257.14,1,-1,-1,-1
479,47,1839.90,433.14,68.52,207.48,1,-1,-1,-1
479,71,1370.43,382.58,106.24,320.60,1,-1,-1,-1
479,82,408.90,301.19,177.25,533.63,1,-1,-1,-1
479,84,1630.22,408.93,88.09,266.12,1,-1,-1,-1
480,2,1543.13,412.64,84.79,256.31,1,-1,-1,-1
480,47,1839.87,433.10,68.53,207.53,1,-1,-1,-1
480,71,1374.41,381.76,105.02,316.95,1,-1,-1,-1
480,82,410.10,297.84,180.44,543.23,1,-1,-1,-1
480,84,1628.16,412.06,85.75,259.07,1,-1,-1,-1
481,2,1541.20,412.76,84.69,256.03,1,-1,-1,-1
481,47,1849.04,433.06,68.55,207.58,1,-1,-1,-1
481,71,1389.79,381.43,104.58,315.65,1,-1,-1,-1
481,82,429.65,284.45,190.34,573.02,1,-1,-1,-1
481,84,1619.64,408.12,89.15,269.32,1,-1,-1,-1
481,90,1799.73,418.47,67.71,204.99,1,-1,-1,-1
482,2,1540.79,412.79,84.66,255.95,1,-1,-1,-1
482,47,1852.47,433.03,68.56,207.62,1,-1,-1,-1
482,71,1398.71,390.62,99.74,301.04,1,-1,-1,-1
482,82,436.67,279.46,194.03,584.11,1,-1,-1,-1
482,84,1604.48,406.68,90.35,272.98,1,-1,-1,-1
482,90,1798.97,418.80,67.65,204.81,1,-1,-1,-1
483,2,1529.52,412.78,84.66,255.94,1,-1,-1,-1
483,47,1853.70,433.00,68.57,207.66,1,-1,-1,-1
483,71,1398.14,384.57,102.71,310.03,1,-1,-1,-1
483,82,443.96,289.49,186.85,562.53,1,-1,-1,-1
483,84,1599.65,413.84,82.94,250.60,1,-1,-1,-1
484,2,1537.28,407.98,88.71,268.19,1,-1,-1,-1
484,47,1854.11,432.98,68.58,207.69,1,-1,-1,-1
484,71,1397.82,382.40,103.78,313.27,1,-1,-1,-1
484,82,472.26,303.17,175.84,529.39,1,-1,-1,-1
484,84,1594.78,413.47,83.99,253.78,1,-1,-1,-1
485,2,1531.75,407.77,89.02,269.13,1,-1,-1,-1
485,47,1854.20,432.96,68.59,207.72,1,-1,-1,-1
485,71,1411.40,381.56,104.21,314.56,1,-1,-1,-1
485,82,482.26,308.24,171.75,517.09,1,-1,-1,-1
485,84,1581.74,413.32,84.36,254.92,1,-1,-1,-1
486,47,1854.18,432.94,68.59,207.74,1,-1,-1,-1
486,71,1416.31,381.23,104.38,315.08,1,-1,-1,-1
486,82,485.44,309.98,170.33,512.85,1,-1,-1,-1
486,84,1577.17,413.21,84.51,255.40,1,-1,-1,-1
487,47,1854.12,432.92,68.60,207.77,1,-1,-1,-1
487,71,1420.41,390.34,99.79,301.26,1,-1,-1,-1
487,82,484.65,300.73,178.12,536.29,1,-1,-1,-1
487,84,1569.29,416.08,80.78,244.13,1,-1,-1,-1
488,47,1823.59,423.78,71.88,217.70,1,-1,-1,-1
488,71,1426.51,387.54,107.88,325.65,1,-1,-1,-1
488,82,480.81,285.32,189.61,570.88,1,-1,-1,-1
488,84,1561.64,414.10,83.25,251.62,1,-1,-1,-1
489,47,1845.95,427.44,66.89,202.59,1,-1,-1,-1
489,71,1436.71,392.55,101.33,305.90,1,-1,-1,-1
489,82,504.40,308.00,170.19,512.43,1,-1,-1,-1
489,84,1548.08,408.59,88.19,266.54,1,-1,-1,-1
490,47,1822.86,421.53,67.99,205.93,1,-1,-1,-1
490,71,1440.37,394.54,98.64,297.81,1,-1,-1,-1
490,82,515.00,309.62,169.99,511.86,1,-1,-1,-1
490,84,1542.84,411.20,86.07,260.16,1,-1,-1,-1
491,47,1814.65,419.43,68.39,207.13,1,-1,-1,-1
491,71,1454.71,395.22,97.68,294.92,1,-1,-1,-1
491,82,518.53,310.16,169.94,511.73,1,-1,-1,-1
491,84,1541.25,412.23,85.22,257.58,1,-1,-1,-1
492,47,1811.65,418.68,68.54,207.60,1,-1,-1,-1
492,71,1459.74,395.42,97.35,293.93,1,-1,-1,-1
492,82,519.48,310.30,169.97,511.80,1,-1,-1,-1
492,84,1540.95,412.60,84.89,256.61,1,-1,-1,-1
493,47,1816.37,417.12,65.54,198.54,1,-1,-1,-1
493,71,1461.33,395.46,97.25,293.65,1,-1,-1,-1
493,82,519.49,310.30,170.01,511.96,1,-1,-1,-1
493,84,1534.61,413.03,84.80,256.32,1,-1,-1,-1
493,92,93.44,198.40,263.73,793.22,1,-1,-1,-1
494,47,1812.50,417.93,67.51,204.50,1,-1,-1,-1
494,71,1461.67,395.44,97.24,293.61,1,-1,-1,-1
494,82,541.98,310.25,170.07,512.12,1,-1,-1,-1
494,92,111.61,176.16,273.88,823.74,1,-1,-1,-1
495,47,1820.36,418.23,68.22,206.66,1,-1,-1,-1
495,71,1461.55,395.39,97.25,293.66,1,-1,-1,-1
495,82,562.40,323.31,155.43,468.07,1,-1,-1,-1
495,92,127.89,171.73,275.90,829.81,1,-1,-1,-1
496,47,1823.45,418.39,68.50,207.49,1,-1,-1,-1
496,71,1466.47,396.09,96.80,292.31,1,-1,-1,-1
496,82,558.70,304.60,173.52,522.56,1,-1,-1,-1
497,47,1824.67,418.47,68.60,207.81,1,-1,-1,-1
497,82,567.87,320.47,157.43,474.14,1,-1,-1,-1
498,2,1424.98,412.42,84.91,256.71,1,-1,-1,-1
498,47,1825.16,418.53,68.64,207.93,1,-1,-1,-1
498,71,1487.66,388.54,91.70,276.93,1,-1,-1,-1
498,82,576.81,321.32,158.03,475.94,1,-1,-1,-1
499,2,1422.80,415.76,80.66,243.90,1,-1,-1,-1
499,47,1825.37,418.58,68.66,207.97,1,-1,-1,-1
499,71,1493.75,388.31,90.82,274.26,1,-1,-1,-1
499,82,593.90,327.23,151.12,455.16,1,-1,-1,-1
500,2,1411.11,416.78,79.37,239.99,1,-1,-1,-1
500,47,1825.46,418.61,68.66,207.98,1,-1,-1,-1
500,71,1498.43,393.62,96.03,290.00,1,-1,-1,-1
500,82,590.30,315.94,163.62,492.81,1,-1,-1,-1
501,2,1407.19,417.12,78.92,238.66,1,-1,-1,-1
501,47,1825.51,418.64,68.66,207.98,1,-1,-1,-1
501,71,1500.18,394.65,96.95,292.78,1,-1,-1,-1
501,82,605.23,319.35,160.57,483.63,1,-1,-1,-1
501,92,335.38,251.12,212.54,639.29,1,-1,-1,-1
502,2,1400.03,417.69,78.28,236.73,1,-1,-1,-1
502,47,1825.54,418.67,68.66,207.98,1,-1,-1,-1
502,71,1500.67,395.02,97.28,293.80,1,-1,-1,-1
502,82,616.89,313.14,166.98,502.93,1,-1,-1,-1
502,92,344.04,255.16,209.40,629.89,1,-1,-1,-1
503,2,1443.89,417.26,78.74,238.14,1,-1,-1,-1
503,47,1825.56,418.69,68.66,207.97,1,-1,-1,-1
503,71,1500.65,395.14,97.41,294.20,1,-1,-1,-1
503,82,621.00,310.85,169.35,510.06,1,-1,-1,-1
503,92,364.91,237.49,218.92,658.53,1,-1,-1,-1
504,2,1442.02,414.18,82.68,250.03,1,-1,-1,-1
504,47,1825.58,418.71,68.66,207.97,1,-1,-1,-1
504,71,1513.46,395.17,97.46,294.36,1,-1,-1,-1
504,82,628.52,322.90,155.77,469.20,1,-1,-1,-1
504,92,383.75,249.72,212.00,637.75,1,-1,-1,-1
505,2,1446.34,427.14,76.81,232.30,1,-1,-1,-1
505,47,1834.78,418.73,68.65,207.96,1,-1,-1,-1
505,71,1518.13,395.16,97.48,294.42,1,-1,-1,-1
505,82,639.71,321.92,157.67,474.91,1,-1,-1,-1
505,92,394.76,213.30,231.16,695.39,1,-1,-1,-1
506,2,1448.11,432.25,74.48,225.30,1,-1,-1,-1
506,47,1838.25,418.74,68.65,207.96,1,-1,-1,-1
506,71,1523.36,395.49,97.47,294.39,1,-1,-1,-1
506,82,643.51,321.56,158.34,476.95,1,-1,-1,-1
506,92,411.13,221.74,227.24,683.60,1,-1,-1,-1
507,2,1448.75,434.02,73.67,222.87,1,-1,-1,-1
507,47,1839.52,418.76,68.65,207.96,1,-1,-1,-1
507,82,655.76,326.99,151.55,456.50,1,-1,-1,-1
507,92,416.16,225.22,225.69,678.97,1,-1,-1,-1
508,2,1432.76,423.18,76.99,232.91,1,-1,-1,-1
508,47,1839.96,418.77,68.65,207.95,1,-1,-1,-1
508,71,1542.72,410.01,86.79,262.16,1,-1,-1,-1
508,82,659.98,329.02,148.98,448.79,1,-1,-1,-1
508,92,435.23,225.05,224.84,676.41,1,-1,-1,-1
509,2,1426.53,416.31,81.96,247.92,1,-1,-1,-1
509,47,1841.03,418.62,68.66,207.99,1,-1,-1,-1
509,71,1548.84,411.71,85.73,258.95,1,-1,-1,-1
509,82,661.21,329.71,148.09,446.13,1,-1,-1,-1
509,92,453.69,226.76,225.03,676.98,1,-1,-1,-1
509,94,1360.78,432.98,79.05,239.29,1,-1,-1,-1
510,2,1413.17,413.69,83.85,253.63,1,-1,-1,-1
510,47,1845.44,427.36,65.05,197.05,1,-1,-1,-1
510,82,661.37,329.92,147.81,445.30,1,-1,-1,-1
510,92,501.73,259.85,187.79,565.01,1,-1,-1,-1
510,94,1358.32,432.81,80.03,242.25,1,-1,-1,-1
511,2,1409.17,415.58,80.87,244.62,1,-1,-1,-1
511,47,1846.85,428.14,64.68,195.93,1,-1,-1,-1
511,82,657.69,316.76,162.52,489.59,1,-1,-1,-1
511,92,524.07,263.71,182.84,550.14,1,-1,-1,-1
511,94,1355.76,415.21,84.17,254.78,1,-1,-1,-1
512,2,1404.68,427.62,76.14,230.33,1,-1,-1,-1
512,71,1562.00,397.40,84.60,255.59,1,-1,-1,-1
512,82,656.34,312.00,167.85,505.64,1,-1,-1,-1
512,92,549.11,274.01,171.90,517.25,1,-1,-1,-1
512,94,1347.13,427.13,77.24,233.79,1,-1,-1,-1
513,2,1393.11,432.16,74.35,224.94,1,-1,-1,-1
513,71,1560.40,395.62,93.25,281.71,1,-1,-1,-1
513,82,677.74,310.12,169.95,511.96,1,-1,-1,-1
513,92,558.02,277.33,187.51,564.27,1,-1,-1,-1
513,94,1344.25,431.68,74.65,225.97,1,-1,-1,-1
514,2,1391.51,422.38,77.30,233.86,1,-1,-1,-1
514,71,1560.04,395.04,96.05,290.17,1,-1,-1,-1
514,82,686.38,322.28,156.34,470.97,1,-1,-1,-1
514,92,578.73,281.85,184.87,556.32,1,-1,-1,-1
514,94,1340.66,431.58,74.14,224.42,1,-1,-1,-1
515,2,1380.50,418.83,78.37,237.10,1,-1,-1,-1
515,71,1559.69,394.82,97.16,293.49,1,-1,-1,-1
515,82,701.06,321.47,158.08,476.22,1,-1,-1,-1
515,92,593.50,278.79,193.14,581.22,1,-1,-1,-1
516,2,1376.46,417.47,78.79,238.36,1,-1,-1,-1
516,71,1563.44,394.37,97.72,295.20,1,-1,-1,-1
516,82,714.44,326.75,151.65,456.86,1,-1,-1,-1
516,92,621.79,290.91,185.81,559.20,1,-1,-1,-1
517,2,1373.40,428.13,75.44,228.25,1,-1,-1,-1
517,71,1576.03,408.27,87.91,265.58,1,-1,-1,-1
517,82,722.45,327.39,150.96,454.79,1,-1,-1,-1
517,92,637.07,267.68,201.60,606.71,1,-1,-1,-1
518,2,1372.50,432.25,74.15,224.36,1,-1,-1,-1
518,71,1581.30,406.50,89.88,271.56,1,-1,-1,-1
518,92,660.75,285.83,189.53,570.43,1,-1,-1,-1
519,2,1372.34,433.72,73.69,222.97,1,-1,-1,-1
519,71,1583.07,405.94,90.51,273.46,1,-1,-1,-1
519,92,674.20,280.74,193.50,582.40,1,-1,-1,-1
520,2,1362.49,434.23,73.53,222.51,1,-1,-1,-1
520,71,1583.57,405.71,90.75,274.19,1,-1,-1,-1
520,92,682.53,264.08,204.24,614.71,1,-1,-1,-1
521,2,1358.97,434.38,73.49,222.39,1,-1,-1,-1
521,71,1595.75,405.61,90.84,274.48,1,-1,-1,-1
521,92,685.23,257.81,208.26,626.81,1,-1,-1,-1
522,2,1357.84,434.39,73.49,222.39,1,-1,-1,-1
522,71,1597.41,410.33,86.83,262.38,1,-1,-1,-1
522,92,707.33,269.96,200.63,603.86,1,-1,-1,-1
523,2,1347.68,434.36,73.50,222.43,1,-1,-1,-1
523,71,1601.89,411.17,86.36,260.96,1,-1,-1,-1
523,92,732.86,304.16,173.06,520.91,1,-1,-1,-1
524,2,1344.04,434.32,73.51,222.48,1,-1,-1,-1
524,92,740.62,299.05,179.08,539.05,1,-1,-1,-1
525,2,1339.51,440.21,67.17,203.31,1,-1,-1,-1
525,92,756.19,307.16,172.83,520.28,1,-1,-1,-1
